intersect_bp,f_orig_query,f_match,f_unique_to_query,f_unique_weighted,average_abund,median_abund,std_abund,match_filename,match_name,match_md5,f_match_orig,unique_intersect_bp,gather_result_rank,remaining_bp,query_filename,query_name,query_md5,query_bp,ksize,moltype,scaled,query_n_hashes,query_abundance,query_containment_ani,match_containment_ani,average_containment_ani,max_containment_ani,n_unique_weighted_found,sum_weighted_found,total_weighted_hashes
4703000,0.015544178452324685,0.7872447271509876,0.015544178452324685,0.042400043668683135,28.07761003614714,17.0,94.70243320670512,signatures/723b884481420dddcbc68522388758ed.sig.gz,"GCF_900106755.1 Bacteroides faecis MAJ27 strain=MAJ27, IMG-taxon 2693429916 annotated assembly",723b884481420dddcbc68522388758ed,0.7872447271509876,4703000,0,297854000,/nfs3_ib/nfs-ip34/home/def-ilafores/analysis/MethodsComparison/Feces_RA/preproc/SRR5091454/SRR5091454_unmatched_2.fastq,SRR5091454,57d90ad0a44cdb8421c3143993d6aa13,302557000,31,DNA,1000,302557,true,0.8743060357972686,0.9923130479693776,0.933309541883323,0.9923130479693776,132049,132049,3114360
4447000,0.0146980568950644,0.8489693700635715,0.014565850401742481,0.009401289510525436,6.643748581801679,4.0,24.925833646096905,signatures/364f6db3e1881c45e824633d261d9452.sig.gz,"GCF_000381365.1 Bacteroides salyersiae WAL 10018 = DSM 18765 = JCM 12988 strain=DSM 18765, Bact_saly_DSM_18765_V1",364f6db3e1881c45e824633d261d9452,0.8566750144480832,4407000,1,293447000,/nfs3_ib/nfs-ip34/home/def-ilafores/analysis/MethodsComparison/Feces_RA/preproc/SRR5091454/SRR5091454_unmatched_2.fastq,SRR5091454,57d90ad0a44cdb8421c3143993d6aa13,302557000,31,DNA,1000,302557,true,0.8727288894171427,0.9950222160692156,0.9338755527431791,0.9950222160692156,29279,161328,3114360
4336000,0.014331183876096075,0.6558841651263093,0.014073381214118332,0.03704228156025636,27.09323626115547,26.0,36.654102729128134,signatures/514bdd6aa640f40cc6414be0e11ec2f6.sig.gz,"GCF_001314995.1 Bacteroides ovatus strain=ATCC 8483, ASM131499v1",514bdd6aa640f40cc6414be0e11ec2f6,0.6678989525569933,4258000,2,289189000,/nfs3_ib/nfs-ip34/home/def-ilafores/analysis/MethodsComparison/Feces_RA/preproc/SRR5091454/SRR5091454_unmatched_2.fastq,SRR5091454,57d90ad0a44cdb8421c3143993d6aa13,302557000,31,DNA,1000,302557,true,0.8720175549975279,0.9870644449414768,0.9295409999695023,0.9870644449414768,115363,276691,3114360
4093000,0.013528029429165414,0.8164,0.013491672643501885,0.1593502356824516,121.57618814306713,124.0,87.36085991196767,signatures/960cc77fc7b96d595712107aaa1524b5.sig.gz,"GCF_000012825.1 Bacteroides vulgatus ATCC 8482 strain=ATCC 8482, ASM1282v1",960cc77fc7b96d595712107aaa1524b5,0.8186,4082000,3,285107000,/nfs3_ib/nfs-ip34/home/def-ilafores/analysis/MethodsComparison/Feces_RA/preproc/SRR5091454/SRR5091454_unmatched_2.fastq,SRR5091454,57d90ad0a44cdb8421c3143993d6aa13,302557000,31,DNA,1000,302557,true,0.8703967148732296,0.9935640351183431,0.9319803749957863,0.9935640351183431,496274,772965,3114360
3550000,0.011733326282320357,0.7228670331907961,0.011733326282320357,0.0058528879127653834,5.134647887323943,5.0,3.3494013890170073,signatures/60bfe150353edefcbd7db7314951359d.sig.gz,"GCF_003697165.2 Escherichia coli DSM 30083 = JCM 1649 = ATCC 11775 strain=ATCC 11775, ASM369716v2",60bfe150353edefcbd7db7314951359d,0.7228670331907961,3550000,4,281557000,/nfs3_ib/nfs-ip34/home/def-ilafores/analysis/MethodsComparison/Feces_RA/preproc/SRR5091454/SRR5091454_unmatched_2.fastq,SRR5091454,57d90ad0a44cdb8421c3143993d6aa13,302557000,31,DNA,1000,302557,true,0.8664096141914912,0.9895858970698719,0.9279977556306815,0.9895858970698719,18228,791193,3114360
3606000,0.011918415372971043,0.7662395050817499,0.011462302971010422,0.005538858706122606,4.974048442906574,4.0,3.7075807017118736,signatures/47030cb09435e5a03e1ce6a49f0753a5.sig.gz,"GCF_002222615.2 Bacteroides caccae strain=ATCC 43185, ASM222261v2",47030cb09435e5a03e1ce6a49f0753a5,0.796730004418913,3468000,5,278089000,/nfs3_ib/nfs-ip34/home/def-ilafores/analysis/MethodsComparison/Feces_RA/preproc/SRR5091454/SRR5091454_unmatched_2.fastq,SRR5091454,57d90ad0a44cdb8421c3143993d6aa13,302557000,31,DNA,1000,302557,true,0.8668471642689013,0.9926964972017881,0.9297718307353446,0.9926964972017881,17250,808443,3114360
3234000,0.010688894985077193,0.7005724350506385,0.010517026543758697,0.03239606211227989,31.707416719044627,25.0,33.599017360922254,signatures/2fc80b3803e2d9af5d93edb14dd1cc3b.sig.gz,GCF_025147485.1 Bacteroides uniformis strain=ATCC 8492 ASM2514748v1,2fc80b3803e2d9af5d93edb14dd1cc3b,0.7120211360634082,3182000,6,274907000,/nfs3_ib/nfs-ip34/home/def-ilafores/analysis/MethodsComparison/Feces_RA/preproc/SRR5091454/SRR5091454_unmatched_2.fastq,SRR5091454,57d90ad0a44cdb8421c3143993d6aa13,302557000,31,DNA,1000,302557,true,0.8638079314982878,0.9891034256356692,0.9264556785669785,0.9891034256356692,100893,909336,3114360
3053000,0.010090660602795506,0.7876129032258065,0.01008735544046246,0.008787038107347898,8.966579292267365,7.0,17.492580257136563,signatures/873a8b7cc5e0a6e07152a8bfd5c774b1.sig.gz,"GCF_003473545.1 Clostridium sp. AM22-11AC strain=AM22-11AC, ASM347354v1",873a8b7cc5e0a6e07152a8bfd5c774b1,0.7878709677419354,3052000,7,271855000,/nfs3_ib/nfs-ip34/home/def-ilafores/analysis/MethodsComparison/Feces_RA/preproc/SRR5091454/SRR5091454_unmatched_2.fastq,SRR5091454,57d90ad0a44cdb8421c3143993d6aa13,302557000,31,DNA,1000,302557,true,0.8622045485626336,0.9923385016945975,0.9272715251286155,0.9923385016945975,27366,936702,3114360
3258000,0.010768218881070343,0.678387458006719,0.010011336706802355,0.06455708395946519,66.37636183558931,65.0,26.339185756989156,signatures/a65db27ac6f6490cca7eeb016c93eea7.sig.gz,"GCF_000382445.1 Bacteroides massiliensis B84634 = Timone 84634 = DSM 17679 = JCM 13223 strain=DSM 17679, Bact_mass_DSM_17679_V1",a65db27ac6f6490cca7eeb016c93eea7,0.7296752519596864,3029000,8,268826000,/nfs3_ib/nfs-ip34/home/def-ilafores/analysis/MethodsComparison/Feces_RA/preproc/SRR5091454/SRR5091454_unmatched_2.fastq,SRR5091454,57d90ad0a44cdb8421c3143993d6aa13,302557000,31,DNA,1000,302557,true,0.8640139812002511,0.9898851892461277,0.9269495852231894,0.9898851892461277,201054,1137756,3114360
2713000,0.008966905409559191,0.553025641025641,0.008910717649897374,0.010082007218176448,11.646513353115727,11.0,13.913442244234515,signatures/5feebdfe795727335c87e462e7a7cc14.sig.gz,"GCF_000012845.1 Parabacteroides distasonis ATCC 8503 strain=ATCC 8503, ASM1284v1",5feebdfe795727335c87e462e7a7cc14,0.5565128205128205,2696000,9,266130000,/nfs3_ib/nfs-ip34/home/def-ilafores/analysis/MethodsComparison/Feces_RA/preproc/SRR5091454/SRR5091454_unmatched_2.fastq,SRR5091454,57d90ad0a44cdb8421c3143993d6aa13,302557000,31,DNA,1000,302557,true,0.8589269163726417,0.9812722599301956,0.9200995881514187,0.9812722599301956,31399,1169155,3114360
2711000,0.008960295084893094,0.6016968073230632,0.008907412487564327,0.004964422866977485,5.736920222634509,5.0,5.95843601267965,signatures/20e22b7a195404638366fe78b372a400.sig.gz,GCF_025148125.1 Blautia wexlerae DSM 19850 strain=DSM 19850 ASM2514812v1,20e22b7a195404638366fe78b372a400,0.6052690332663541,2695000,10,263435000,/nfs3_ib/nfs-ip34/home/def-ilafores/analysis/MethodsComparison/Feces_RA/preproc/SRR5091454/SRR5091454_unmatched_2.fastq,SRR5091454,57d90ad0a44cdb8421c3143993d6aa13,302557000,31,DNA,1000,302557,true,0.8589064834879996,0.9839342520504413,0.9214203677692204,0.9839342520504413,15461,1184616,3114360
2781000,0.009191656448206454,0.6479382686279238,0.008880971188899942,0.07887880656057746,91.42426497953107,88.0,33.739122289681056,signatures/9216287e15b5df82656d9407b3ab0a7c.sig.gz,GCF_025146565.1 Bacteroides eggerthii strain=DSM 20697 ASM2514656v1,9216287e15b5df82656d9407b3ab0a7c,0.6706052568121533,2687000,11,260748000,/nfs3_ib/nfs-ip34/home/def-ilafores/analysis/MethodsComparison/Feces_RA/preproc/SRR5091454/SRR5091454_unmatched_2.fastq,SRR5091454,57d90ad0a44cdb8421c3143993d6aa13,302557000,31,DNA,1000,302557,true,0.8596131000268915,0.987193210467742,0.9234031552473168,0.987193210467742,245657,1430273,3114360
2523000,0.008338924566280072,0.5553598943429452,0.008338924566280072,0.0019869250825209676,2.4526357510899723,2.0,1.5440538359197493,signatures/aa387c39ac911f35b9a9d7259ce43062.sig.gz,"GCF_000701705.1 Bilophila wadsworthia ATCC 49260 strain=ATCC 49260, ASM70170v1",aa387c39ac911f35b9a9d7259ce43062,0.5553598943429452,2523000,12,258225000,/nfs3_ib/nfs-ip34/home/def-ilafores/analysis/MethodsComparison/Feces_RA/preproc/SRR5091454/SRR5091454_unmatched_2.fastq,SRR5091454,57d90ad0a44cdb8421c3143993d6aa13,302557000,31,DNA,1000,302557,true,0.8569175426558703,0.9812066167101215,0.9190620796829959,0.9812066167101215,6188,1436461,3114360
2450000,0.00809764771596757,0.6767817371937639,0.008034849631639657,0.002622368640748019,3.3595228301110653,2.0,5.27451971516083,signatures/b3b322c4f9b285ce8bc5b4d266f94fe4.sig.gz,"GCA_001414325.1 Lachnospiraceae bacterium TF01-11 strain=TF01-11, ASM141432v1",b3b322c4f9b285ce8bc5b4d266f94fe4,0.6820712694877505,2431000,13,255794000,/nfs3_ib/nfs-ip34/home/def-ilafores/analysis/MethodsComparison/Feces_RA/preproc/SRR5091454/SRR5091454_unmatched_2.fastq,SRR5091454,57d90ad0a44cdb8421c3143993d6aa13,302557000,31,DNA,1000,302557,true,0.8561063252030279,0.9877332407179374,0.9219197829604826,0.9877332407179374,8167,1444628,3114360
2452000,0.008104258040633666,0.6209443418623055,0.007780352131994963,0.0033865705955637756,4.480458793542906,3.0,8.367504028308867,signatures/0c12e5258167a95b3340bc8d07d5f489.sig.gz,GCF_027667425.1 Fusicatenibacter saccharivorans strain=AM67-22ACA ASM2766742v1,0c12e5258167a95b3340bc8d07d5f489,0.6467950408863097,2354000,14,253440000,/nfs3_ib/nfs-ip34/home/def-ilafores/analysis/MethodsComparison/Feces_RA/preproc/SRR5091454/SRR5091454_unmatched_2.fastq,SRR5091454,57d90ad0a44cdb8421c3143993d6aa13,302557000,31,DNA,1000,302557,true,0.8561288602483729,0.9860426481991613,0.9210857542237672,0.9860426481991613,10547,1455175,3114360
2239000,0.007400258463694445,0.5803270179081236,0.0073903429766953,0.002077152288110559,2.893112701252236,2.0,2.112812724743646,signatures/2de6b86d95365c349243cb609e5c2a62.sig.gz,"GCF_000239295.1 Flavonifractor plautii ATCC 29863 strain=ATCC 29863, ASM23929v1",2de6b86d95365c349243cb609e5c2a62,0.5811056319750844,2236000,15,251204000,/nfs3_ib/nfs-ip34/home/def-ilafores/analysis/MethodsComparison/Feces_RA/preproc/SRR5091454/SRR5091454_unmatched_2.fastq,SRR5091454,57d90ad0a44cdb8421c3143993d6aa13,302557000,31,DNA,1000,302557,true,0.853622843659832,0.9826420057371088,0.9181324246984703,0.9826420057371088,6469,1461644,3114360
2218000,0.007330850054700437,0.7924258663808503,0.007330850054700437,0.025060365532565278,35.188007213706044,35.0,10.06145680212423,signatures/f2cda40e88295e685c6c31e39bd0803d.sig.gz,"GCA_000436535.1 Eubacterium sp. CAG:252, MGS252",f2cda40e88295e685c6c31e39bd0803d,0.7924258663808503,2218000,16,248986000,/nfs3_ib/nfs-ip34/home/def-ilafores/analysis/MethodsComparison/Feces_RA/preproc/SRR5091454/SRR5091454_unmatched_2.fastq,SRR5091454,57d90ad0a44cdb8421c3143993d6aa13,302557000,31,DNA,1000,302557,true,0.8533633969319896,0.9925230498776066,0.9229432234047981,0.9925230498776066,78047,1539691,3114360
2243000,0.007413479113026636,0.5281342546890424,0.007073047392722694,0.00897712531627686,13.064485981308412,12.0,8.754894517172255,signatures/2297ea50ecdd1c8050ea75a720bbf9de.sig.gz,"GCF_000174195.1 Roseburia inulinivorans DSM 16841 strain=DSM 16841, ASM17419v1",2297ea50ecdd1c8050ea75a720bbf9de,0.5535538005923001,2140000,17,246846000,/nfs3_ib/nfs-ip34/home/def-ilafores/analysis/MethodsComparison/Feces_RA/preproc/SRR5091454/SRR5091454_unmatched_2.fastq,SRR5091454,57d90ad0a44cdb8421c3143993d6aa13,302557000,31,DNA,1000,302557,true,0.8536719949687648,0.9811035190331402,0.9173877570009525,0.9811035190331402,27958,1567649,3114360
2090000,0.006907789276070294,0.8430818878580073,0.006907789276070294,0.005409458123017249,8.060765550239234,7.0,5.702399510686981,signatures/41134ca2a445b6d775c0e43830cd6765.sig.gz,"GCF_003402575.1 Mesosutterella multiformis strain=4NBBH2, ASM340257v1",41134ca2a445b6d775c0e43830cd6765,0.8430818878580073,2090000,18,244756000,/nfs3_ib/nfs-ip34/home/def-ilafores/analysis/MethodsComparison/Feces_RA/preproc/SRR5091454/SRR5091454_unmatched_2.fastq,SRR5091454,57d90ad0a44cdb8421c3143993d6aa13,302557000,31,DNA,1000,302557,true,0.8517286590440359,0.9945089638299673,0.9231188114370017,0.9945089638299673,16847,1584496,3114360
2232000,0.007377122327363109,0.480550284629981,0.006696258886755223,0.0018539924735740249,2.8499506416584404,2.0,4.612763153115969,signatures/e869cf0b15c41500b90acfad5f73aa6d.sig.gz,"GCF_900537995.1 Roseburia intestinalis L1-82 strain=L1-82, Roseburia intestinalis strain L1-82",e869cf0b15c41500b90acfad5f73aa6d,0.5294117647058824,2026000,19,242730000,/nfs3_ib/nfs-ip34/home/def-ilafores/analysis/MethodsComparison/Feces_RA/preproc/SRR5091454/SRR5091454_unmatched_2.fastq,SRR5091454,57d90ad0a44cdb8421c3143993d6aa13,302557000,31,DNA,1000,302557,true,0.8535366240363953,0.9796932498541558,0.9166149369452756,0.9796932498541558,5774,1590270,3114360
2236000,0.0073903429766953,0.516170431211499,0.006646681451759503,0.044427747595011495,68.80358030830432,69.0,22.8495328350842,signatures/0878062848e44bf823b15b8a5d1eba75.sig.gz,GCF_025147325.1 Bacteroides stercoris ATCC 43183 strain=ATCC 43183 ASM2514732v1,0878062848e44bf823b15b8a5d1eba75,0.5739219712525667,2011000,20,240719000,/nfs3_ib/nfs-ip34/home/def-ilafores/analysis/MethodsComparison/Feces_RA/preproc/SRR5091454/SRR5091454_unmatched_2.fastq,SRR5091454,57d90ad0a44cdb8421c3143993d6aa13,302557000,31,DNA,1000,302557,true,0.8535859243801738,0.9822477885573353,0.9179168564687545,0.9822477885573353,138364,1728634,3114360
1987000,0.006567357555766352,0.5327128387626608,0.006431845900111384,0.0029550212563737013,4.729188078108941,2.0,17.982752415534684,signatures/00191848f4049b7a1cb875559983f7c7.sig.gz,GCF_025145845.1 Alistipes shahii WAL 8301 strain=WAL 8301 ASM2514584v1,00191848f4049b7a1cb875559983f7c7,0.5439364905557076,1946000,21,238773000,/nfs3_ib/nfs-ip34/home/def-ilafores/analysis/MethodsComparison/Feces_RA/preproc/SRR5091454/SRR5091454_unmatched_2.fastq,SRR5091454,57d90ad0a44cdb8421c3143993d6aa13,302557000,31,DNA,1000,302557,true,0.8503412499422169,0.9805489898338138,0.9154451198880154,0.9805489898338138,9203,1737837,3114360
2058000,0.006802024081412759,0.5739910313901345,0.006345911679452136,0.008412964461398168,13.646354166666667,13.0,6.3162684493746735,signatures/2761b9bfb8ee41b7d2e36ef75953884e.sig.gz,"GCF_001406815.1 Roseburia faecis strain=M72, M72",2761b9bfb8ee41b7d2e36ef75953884e,0.6152466367713004,1920000,22,236853000,/nfs3_ib/nfs-ip34/home/def-ilafores/analysis/MethodsComparison/Feces_RA/preproc/SRR5091454/SRR5091454_unmatched_2.fastq,SRR5091454,57d90ad0a44cdb8421c3143993d6aa13,302557000,31,DNA,1000,302557,true,0.8513048391543334,0.9844533406273367,0.9178790898908351,0.9844533406273367,26201,1764038,3114360
1945000,0.006428540737778336,0.46086533787068545,0.006266587783458985,0.0012715293029707548,2.088607594936709,2.0,2.477867635491059,signatures/4edd699389284f85ac20f9344f953c5f.sig.gz,"GCF_000949455.1 Ruthenibacterium lactatiformans strain=585-1, ASM94945v1",4edd699389284f85ac20f9344f953c5f,0.4727758872143899,1896000,23,234957000,/nfs3_ib/nfs-ip34/home/def-ilafores/analysis/MethodsComparison/Feces_RA/preproc/SRR5091454/SRR5091454_unmatched_2.fastq,SRR5091454,57d90ad0a44cdb8421c3143993d6aa13,302557000,31,DNA,1000,302557,true,0.84975542992482,0.9761240434866978,0.9129397367057589,0.9761240434866978,3960,1767998,3114360
2006000,0.006630155640094264,0.4980978260869565,0.006058362556476961,0.0023645307543122824,4.017457719585379,3.0,4.107491947627135,signatures/c2d8b6207a026871224ccd15d94fc35d.sig.gz,"GCF_003435375.1 Clostridium sp. AM34-11AC strain=AM34-11AC, ASM343537v1",c2d8b6207a026871224ccd15d94fc35d,0.5451086956521739,1833000,24,233124000,/nfs3_ib/nfs-ip34/home/def-ilafores/analysis/MethodsComparison/Feces_RA/preproc/SRR5091454/SRR5091454_unmatched_2.fastq,SRR5091454,57d90ad0a44cdb8421c3143993d6aa13,302557000,31,DNA,1000,302557,true,0.8506023372629079,0.9806170841010959,0.9156097106820019,0.9806170841010959,7364,1775362,3114360
1863000,0.006157517426468401,0.34429363410437774,0.0059525973618194256,0.0012214387546719068,2.1121599111604663,1.0,6.739268257397604,signatures/bdd388a4da94ca47ceed0590e7e3dcaf.sig.gz,"GCF_003479425.1 Odoribacter sp. AF15-53 strain=AF15-53, ASM347942v1",bdd388a4da94ca47ceed0590e7e3dcaf,0.35614605238004204,1801000,25,231323000,/nfs3_ib/nfs-ip34/home/def-ilafores/analysis/MethodsComparison/Feces_RA/preproc/SRR5091454/SRR5091454_unmatched_2.fastq,SRR5091454,57d90ad0a44cdb8421c3143993d6aa13,302557000,31,DNA,1000,302557,true,0.848575531513187,0.967244772953873,0.90791015223353,0.967244772953873,3804,1779166,3114360
1846000,0.006101329666806586,0.4856512141280353,0.005817085706164458,0.0011125881400994104,1.96875,1.0,2.003587868447727,signatures/4f9f7653a293be189ac633bff28f9766.sig.gz,"GCF_008121495.1 [Ruminococcus] gnavus ATCC 29149 strain=JCM6515, ASM812149v1",4f9f7653a293be189ac633bff28f9766,0.5093818984547461,1760000,26,229563000,/nfs3_ib/nfs-ip34/home/def-ilafores/analysis/MethodsComparison/Feces_RA/preproc/SRR5091454/SRR5091454_unmatched_2.fastq,SRR5091454,57d90ad0a44cdb8421c3143993d6aa13,302557000,31,DNA,1000,302557,true,0.8483246378310452,0.9784751276171181,0.9133998827240817,0.9784751276171181,3465,1782631,3114360
1845000,0.006098024504473537,0.46751863684771033,0.005803865056832266,0.0017435363927098986,3.092255125284738,3.0,3.0724967281476943,signatures/981003820b07cf0506a203ee425a0184.sig.gz,GCF_025567095.1 Anthropogastromicrobium aceti strain=H6_35 ASM2556709v1,981003820b07cf0506a203ee425a0184,0.49121405750798725,1756000,27,227807000,/nfs3_ib/nfs-ip34/home/def-ilafores/analysis/MethodsComparison/Feces_RA/preproc/SRR5091454/SRR5091454_unmatched_2.fastq,SRR5091454,57d90ad0a44cdb8421c3143993d6aa13,302557000,31,DNA,1000,302557,true,0.8483098098319093,0.9773294668874014,0.9128196383596554,0.9773294668874014,5430,1788061,3114360
1795000,0.005932766387821138,0.6628527841342486,0.005744372134837403,0.001809039417408392,3.241657077100115,3.0,3.0243073584920923,signatures/f688e4f928dd46c9b090e97a39a1952a.sig.gz,GCF_025152405.1 [Ruminococcus] lactaris ATCC 29176 strain=ATCC 29176 ASM2515240v1,f688e4f928dd46c9b090e97a39a1952a,0.6845919145690312,1738000,28,226069000,/nfs3_ib/nfs-ip34/home/def-ilafores/analysis/MethodsComparison/Feces_RA/preproc/SRR5091454/SRR5091454_unmatched_2.fastq,SRR5091454,57d90ad0a44cdb8421c3143993d6aa13,302557000,31,DNA,1000,302557,true,0.8475583144902837,0.9878507803987219,0.9177045474445028,0.9878507803987219,5634,1793695,3114360
1736000,0.005737761810171307,0.8119738072965388,0.005737761810171307,0.0037291771021975622,6.690092165898617,6.0,5.295271648822505,signatures/c5df505dd06ebc4c265f01d9e2dc2f2f.sig.gz,"GCF_007164725.1 Dialister hominis strain=5BBH33, ASM716472v1",c5df505dd06ebc4c265f01d9e2dc2f2f,0.8119738072965388,1736000,29,224333000,/nfs3_ib/nfs-ip34/home/def-ilafores/analysis/MethodsComparison/Feces_RA/preproc/SRR5091454/SRR5091454_unmatched_2.fastq,SRR5091454,57d90ad0a44cdb8421c3143993d6aa13,302557000,31,DNA,1000,302557,true,0.84664504590375,0.993303579802646,0.9199743128531981,0.993303579802646,11614,1805309,3114360
1725000,0.005701405024507778,0.6379573170731707,0.0055328417455223315,0.0019117892600726955,3.5567502986857824,3.0,4.5042863378294395,signatures/9d842f452bc2873386caa06583d801ad.sig.gz,GCF_030296915.1 Anaerostipes hadrus ATCC 29173 = JCM 17467 strain=JCM 17467 ASM3029691v1,9d842f452bc2873386caa06583d801ad,0.6573932926829268,1674000,30,222659000,/nfs3_ib/nfs-ip34/home/def-ilafores/analysis/MethodsComparison/Feces_RA/preproc/SRR5091454/SRR5091454_unmatched_2.fastq,SRR5091454,57d90ad0a44cdb8421c3143993d6aa13,302557000,31,DNA,1000,302557,true,0.846471458704485,0.9865597562947717,0.9165156074996283,0.9865597562947717,5954,1811263,3114360
1768000,0.0058435270048288425,0.4927579963789982,0.005397330089867364,0.001443956382691789,2.7538273116962646,2.0,5.4160089396939695,signatures/407d7f318dd07ff2059ffd6d03e9eaac.sig.gz,GCF_020686985.1 Brotaphodocola catenula strain=CLA-AA-H274 ASM2068698v1,407d7f318dd07ff2059ffd6d03e9eaac,0.5334942667471334,1633000,31,221026000,/nfs3_ib/nfs-ip34/home/def-ilafores/analysis/MethodsComparison/Feces_RA/preproc/SRR5091454/SRR5091454_unmatched_2.fastq,SRR5091454,57d90ad0a44cdb8421c3143993d6aa13,302557000,31,DNA,1000,302557,true,0.8471440401966973,0.9799360483000594,0.9135400442483783,0.9799360483000594,4497,1815760,3114360
1683000,0.005562588206519763,0.5636678200692041,0.0053841094405351715,0.0011536880771651319,2.205647636586863,2.0,1.822731448553008,signatures/9ee09286a7c78e2623fa97d108d040e5.sig.gz,"GCA_018223375.1 Clostridiaceae bacterium Marseille-Q3526 strain=Marseille-Q3526, ASM1822337v1",9ee09286a7c78e2623fa97d108d040e5,0.5823529411764706,1629000,32,219397000,/nfs3_ib/nfs-ip34/home/def-ilafores/analysis/MethodsComparison/Feces_RA/preproc/SRR5091454/SRR5091454_unmatched_2.fastq,SRR5091454,57d90ad0a44cdb8421c3143993d6aa13,302557000,31,DNA,1000,302557,true,0.8457986684933746,0.9827099733496202,0.9142543209214974,0.9827099733496202,3593,1819353,3114360
1749000,0.00578072892050093,0.5707248416608023,0.005360973304203836,0.0013713893063101248,2.633168927250308,2.0,1.969986810704304,signatures/2e1846f271e5a6c1736e89d400b10289.sig.gz,GCF_025150085.1 Dorea longicatena strain=DSM 13814 ASM2515008v1,2e1846f271e5a6c1736e89d400b10289,0.615411681914145,1622000,33,217775000,/nfs3_ib/nfs-ip34/home/def-ilafores/analysis/MethodsComparison/Feces_RA/preproc/SRR5091454/SRR5091454_unmatched_2.fastq,SRR5091454,57d90ad0a44cdb8421c3143993d6aa13,302557000,31,DNA,1000,302557,true,0.8468488272927491,0.9844618584888825,0.9156553428908158,0.9844618584888825,4271,1823624,3114360
1833000,0.006058362556476961,0.3938423645320197,0.005284954570543733,0.001183228656931119,2.3045653533458412,2.0,2.8992544676809744,signatures/659be16e24434afee44065c0476f013e.sig.gz,GCF_025567015.1 Waltera acetigignens strain=f_CXY ASM2556701v1,659be16e24434afee44065c0476f013e,0.45147783251231527,1599000,34,216176000,/nfs3_ib/nfs-ip34/home/def-ilafores/analysis/MethodsComparison/Feces_RA/preproc/SRR5091454/SRR5091454_unmatched_2.fastq,SRR5091454,57d90ad0a44cdb8421c3143993d6aa13,302557000,31,DNA,1000,302557,true,0.848131264645602,0.9746736825765621,0.911402473611082,0.9746736825765621,3685,1827309,3114360
2316000,0.007654755963339139,0.2477777777777778,0.0051593584018879085,0.0025305359688667975,5.048686739269699,1.0,24.8246418747067,signatures/df098e390010d8add7b59e4ff0574d30.sig.gz,"GCF_000011065.1 Bacteroides thetaiotaomicron VPI-5482 strain=VPI-5482, ASM1106v1",df098e390010d8add7b59e4ff0574d30,0.3676190476190476,1561000,35,214615000,/nfs3_ib/nfs-ip34/home/def-ilafores/analysis/MethodsComparison/Feces_RA/preproc/SRR5091454/SRR5091454_unmatched_2.fastq,SRR5091454,57d90ad0a44cdb8421c3143993d6aa13,302557000,31,DNA,1000,302557,true,0.8545544124184237,0.9682345613618053,0.9113944868901145,0.9682345613618053,7881,1835190,3114360
1604000,0.005301480382208972,0.5009829619921363,0.005053593207230373,0.006295996609255192,12.824068018312623,12.0,7.27591663743674,signatures/58b144de4acaed89ce9d8071641d7213.sig.gz,"GCF_023347255.1 Faecalibacterium sp. I4384 strain=I4384, ASM2334725v1",58b144de4acaed89ce9d8071641d7213,0.5255570117955439,1529000,36,213086000,/nfs3_ib/nfs-ip34/home/def-ilafores/analysis/MethodsComparison/Feces_RA/preproc/SRR5091454/SRR5091454_unmatched_2.fastq,SRR5091454,57d90ad0a44cdb8421c3143993d6aa13,302557000,31,DNA,1000,302557,true,0.8444879494723815,0.9794623274339074,0.9119751384531445,0.9794623274339074,19608,1854798,3114360
1546000,0.005109780966892189,0.5345313601127555,0.005013931259233797,0.0011729536726646887,2.4080421885299934,2.0,1.7733138416763783,signatures/626721b74388407d32907567679c1ac3.sig.gz,"GCF_003024685.1 Faecalibacillus intestinalis strain=SNUG30099, ASM302468v1",626721b74388407d32907567679c1ac3,0.5447498238195913,1517000,37,211569000,/nfs3_ib/nfs-ip34/home/def-ilafores/analysis/MethodsComparison/Feces_RA/preproc/SRR5091454/SRR5091454_unmatched_2.fastq,SRR5091454,57d90ad0a44cdb8421c3143993d6aa13,302557000,31,DNA,1000,302557,true,0.8434852510572494,0.9805962520319415,0.9120407515445954,0.9805962520319415,3653,1858451,3114360
1712000,0.005658437914178155,0.3963529096272459,0.004885029928244926,0.0020052273982455464,4.2253044654939105,4.0,3.2695724388689107,signatures/f22e85c6befcb1bccc2db3184aa9ec05.sig.gz,GCF_025145285.1 Alistipes onderdonkii strain=DSM 19147 ASM2514528v1,f22e85c6befcb1bccc2db3184aa9ec05,0.45910431751139713,1478000,38,210091000,/nfs3_ib/nfs-ip34/home/def-ilafores/analysis/MethodsComparison/Feces_RA/preproc/SRR5091454/SRR5091454_unmatched_2.fastq,SRR5091454,57d90ad0a44cdb8421c3143993d6aa13,302557000,31,DNA,1000,302557,true,0.8462649237686973,0.9752005002396703,0.9107327120041838,0.9752005002396703,6245,1864696,3114360
1432000,0.004732992460924719,0.5392772977219167,0.004537987883274887,0.0009212165581371453,2.0895848506919155,2.0,1.432629093813387,signatures/6febeb764d7d5f08ed9a060afaab0854.sig.gz,"GCF_014287435.1 Roseburia sp. NSJ-9 strain=NSJ-9, ASM1428743v1",6febeb764d7d5f08ed9a060afaab0854,0.5624509033778476,1373000,39,208718000,/nfs3_ib/nfs-ip34/home/def-ilafores/analysis/MethodsComparison/Feces_RA/preproc/SRR5091454/SRR5091454_unmatched_2.fastq,SRR5091454,57d90ad0a44cdb8421c3143993d6aa13,302557000,31,DNA,1000,302557,true,0.8414036294725877,0.981608280988323,0.9115059552304554,0.981608280988323,2869,1867565,3114360
1302000,0.0043033213576284795,0.6168091168091168,0.004293405870629336,0.0012991433231867864,3.1147036181678214,3.0,1.8471018767947425,signatures/c4f40a159e9cf9db90513daa33e1e1b3.sig.gz,"GCA_900545305.1 uncultured Eubacterium sp., UMGS758",c4f40a159e9cf9db90513daa33e1e1b3,0.6182336182336182,1299000,40,207419000,/nfs3_ib/nfs-ip34/home/def-ilafores/analysis/MethodsComparison/Feces_RA/preproc/SRR5091454/SRR5091454_unmatched_2.fastq,SRR5091454,57d90ad0a44cdb8421c3143993d6aa13,302557000,31,DNA,1000,302557,true,0.8388244671489722,0.984607155573906,0.9117158113614391,0.984607155573906,4046,1871611,3114360
1417000,0.004683415025928998,0.38190954773869346,0.004270269734298,0.00080594407839813,1.9427244582043344,1.0,2.5494735706698757,signatures/ba9c097781d61e9512f594f3c5dee5f9.sig.gz,"GCA_003573975.1 Clostridiales bacterium CCNA10 strain=CCNA10, ASM357397v1",ba9c097781d61e9512f594f3c5dee5f9,0.4188590008867869,1292000,41,206127000,/nfs3_ib/nfs-ip34/home/def-ilafores/analysis/MethodsComparison/Feces_RA/preproc/SRR5091454/SRR5091454_unmatched_2.fastq,SRR5091454,57d90ad0a44cdb8421c3143993d6aa13,302557000,31,DNA,1000,302557,true,0.8411178692687565,0.9723187045995596,0.9067182869341581,0.9723187045995596,2510,1874121,3114360
1260000,0.0041645045396404646,0.5543237250554324,0.004131452916309984,0.0008168612491812122,2.0352,2.0,1.3863480659632346,signatures/75785f23f976d7ebec6720a34ac5388f.sig.gz,"GCF_010537335.1 Amedibacterium intestinale strain=9CBEGH2, ASM1053733v1",75785f23f976d7ebec6720a34ac5388f,0.5587583148558758,1250000,42,204877000,/nfs3_ib/nfs-ip34/home/def-ilafores/analysis/MethodsComparison/Feces_RA/preproc/SRR5091454/SRR5091454_unmatched_2.fastq,SRR5091454,57d90ad0a44cdb8421c3143993d6aa13,302557000,31,DNA,1000,302557,true,0.8379376812032512,0.9813997329049065,0.9096687070540788,0.9813997329049065,2544,1876665,3114360
1302000,0.0043033213576284795,0.36911544227886056,0.004068654831982073,0.0009809399041857717,2.4817221770917954,2.0,2.335286960970067,signatures/853f171c0393206ce274892b71b6f556.sig.gz,"GCF_900209925.1 Anaerobutyricum hallii, EH1",853f171c0393206ce274892b71b6f556,0.3904047976011994,1231000,43,203646000,/nfs3_ib/nfs-ip34/home/def-ilafores/analysis/MethodsComparison/Feces_RA/preproc/SRR5091454/SRR5091454_unmatched_2.fastq,SRR5091454,57d90ad0a44cdb8421c3143993d6aa13,302557000,31,DNA,1000,302557,true,0.8388244671489722,0.9701146637944627,0.9044695654717174,0.9701146637944627,3055,1879720,3114360
1291000,0.004266964571964952,0.2408458977873507,0.004065349669649025,0.0010775889749418822,2.7284552845528456,1.0,13.753264329884571,signatures/04aa080cf3e9b8b1c3da8ae092b76373.sig.gz,"GCF_014288095.1 Bacteroides sp. NSJ-2 strain=NSJ-2, ASM1428809v1",04aa080cf3e9b8b1c3da8ae092b76373,0.2527902878402193,1230000,44,202416000,/nfs3_ib/nfs-ip34/home/def-ilafores/analysis/MethodsComparison/Feces_RA/preproc/SRR5091454/SRR5091454_unmatched_2.fastq,SRR5091454,57d90ad0a44cdb8421c3143993d6aa13,302557000,31,DNA,1000,302557,true,0.8385949195602282,0.9566084349043805,0.8976016772323043,0.9566084349043805,3356,1883076,3114360
1426000,0.00471316148692643,0.4190899760520014,0.004048823857983785,0.0012798777276872295,3.253877551020408,2.0,4.804253564450659,signatures/df3b4f1c13844c81b29c16b0c900e1c5.sig.gz,GCA_025757845.1 Oscillospiraceae bacterium ASM2575784v1,df3b4f1c13844c81b29c16b0c900e1c5,0.48785494355114606,1225000,45,201191000,/nfs3_ib/nfs-ip34/home/def-ilafores/analysis/MethodsComparison/Feces_RA/preproc/SRR5091454/SRR5091454_unmatched_2.fastq,SRR5091454,57d90ad0a44cdb8421c3143993d6aa13,302557000,31,DNA,1000,302557,true,0.8412896745905201,0.9771131579961414,0.9092014162933307,0.9771131579961414,3986,1887062,3114360
1441000,0.0047627389219221505,0.39415584415584415,0.004012467072320257,0.0008814009941047277,2.261120263591433,2.0,2.350685146089833,signatures/1a61bc75384814965146b3c8fd1a27a5.sig.gz,GCF_025150245.1 Dorea formicigenerans strain=ATCC 27755 ASM2515024v1,1a61bc75384814965146b3c8fd1a27a5,0.46785714285714286,1214000,46,199977000,/nfs3_ib/nfs-ip34/home/def-ilafores/analysis/MethodsComparison/Feces_RA/preproc/SRR5091454/SRR5091454_unmatched_2.fastq,SRR5091454,57d90ad0a44cdb8421c3143993d6aa13,302557000,31,DNA,1000,302557,true,0.8415736983614167,0.9757947841943564,0.9086842412778866,0.9757947841943564,2745,1889807,3114360
1281000,0.0042339129486344725,0.40685595567867033,0.0038835657413313854,0.0008130081300813008,2.1548936170212767,2.0,1.6221365899153604,signatures/f264b62f2a1798cf106db911e66dcf25.sig.gz,GCF_025150745.1 Eubacterium ventriosum strain=ATCC 27560 ASM2515074v1,f264b62f2a1798cf106db911e66dcf25,0.4435595567867036,1175000,47,198802000,/nfs3_ib/nfs-ip34/home/def-ilafores/analysis/MethodsComparison/Feces_RA/preproc/SRR5091454/SRR5091454_unmatched_2.fastq,SRR5091454,57d90ad0a44cdb8421c3143993d6aa13,302557000,31,DNA,1000,302557,true,0.8383845914670582,0.9741175166513836,0.9062510540592209,0.9741175166513836,2532,1892339,3114360
1156000,0.003820767657003474,0.26590962857818784,0.0037150024623459382,0.0008444752693972437,2.3398576512455516,1.0,10.859838774142904,signatures/d514a5392eaf202adc6934a4db7121cf.sig.gz,"GCA_000803105.1 Coprobacter secundus strain=177, ASM80310v1",d514a5392eaf202adc6934a4db7121cf,0.2734800094629761,1124000,48,197678000,/nfs3_ib/nfs-ip34/home/def-ilafores/analysis/MethodsComparison/Feces_RA/preproc/SRR5091454/SRR5091454_unmatched_2.fastq,SRR5091454,57d90ad0a44cdb8421c3143993d6aa13,302557000,31,DNA,1000,302557,true,0.8356123672159831,0.9590390901231278,0.8973257286695555,0.9590390901231278,2630,1894969,3114360
1119000,0.003698476650680698,0.3846949327817994,0.0036885611636815543,0.0005596655492621277,1.5618279569892473,1.0,0.8533792572948625,signatures/80a0c7df05d28f92f6b93af8a523bc03.sig.gz,GCF_025144995.1 Alistipes indistinctus YIT 12060 strain=YIT 12060 ASM2514499v1,80a0c7df05d28f92f6b93af8a523bc03,0.3857290589451913,1116000,49,196562000,/nfs3_ib/nfs-ip34/home/def-ilafores/analysis/MethodsComparison/Feces_RA/preproc/SRR5091454/SRR5091454_unmatched_2.fastq,SRR5091454,57d90ad0a44cdb8421c3143993d6aa13,302557000,31,DNA,1000,302557,true,0.8347359640597567,0.969737677268416,0.9022368206640863,0.969737677268416,1743,1896712,3114360
1100000,0.0036356785663527865,0.5050505050505051,0.0036356785663527865,0.0008547502536636741,2.42,2.0,1.5672674541147311,signatures/c91355ef94e4c56d3bb6efd90a2ceddf.sig.gz,"GCF_003466125.1 Collinsella sp. TM10-22 strain=TM10-22, ASM346612v1",c91355ef94e4c56d3bb6efd90a2ceddf,0.5050505050505051,1100000,50,195462000,/nfs3_ib/nfs-ip34/home/def-ilafores/analysis/MethodsComparison/Feces_RA/preproc/SRR5091454/SRR5091454_unmatched_2.fastq,SRR5091454,57d90ad0a44cdb8421c3143993d6aa13,302557000,31,DNA,1000,302557,true,0.8342749603853219,0.9782056234821269,0.9062402919337245,0.9782056234821269,2662,1899374,3114360
1374000,0.004541293045607935,0.31295700497221407,0.003536523696361347,0.000656635713276564,1.911214953271028,1.0,1.7931764278672195,signatures/8c91537000df08516afde1ea4eac7752.sig.gz,GCF_025149785.1 Coprococcus comes ATCC 27758 strain=ATCC 27758 ASM2514978v1,8c91537000df08516afde1ea4eac7752,0.4018718923661889,1070000,51,194392000,/nfs3_ib/nfs-ip34/home/def-ilafores/analysis/MethodsComparison/Feces_RA/preproc/SRR5091454/SRR5091454_unmatched_2.fastq,SRR5091454,57d90ad0a44cdb8421c3143993d6aa13,302557000,31,DNA,1000,302557,true,0.8402821656028255,0.9710210243997387,0.9056515950012821,0.9710210243997387,2045,1901419,3114360
1096000,0.0036224579170205944,0.3363895036357888,0.0035166927223630588,0.000638333397551985,1.868421052631579,1.0,1.683505491528885,signatures/0fd00fe0e4e8c9621563b19e910f942e.sig.gz,GCF_020687385.1 Hominilimicola fabiformis strain=CLA-AA-H232 ASM2068738v1,0fd00fe0e4e8c9621563b19e910f942e,0.3465064811887449,1064000,52,193328000,/nfs3_ib/nfs-ip34/home/def-ilafores/analysis/MethodsComparison/Feces_RA/preproc/SRR5091454/SRR5091454_unmatched_2.fastq,SRR5091454,57d90ad0a44cdb8421c3143993d6aa13,302557000,31,DNA,1000,302557,true,0.834176925616575,0.9663890033673967,0.9002829644919859,0.9663890033673967,1988,1903407,3114360
1291000,0.004266964571964952,0.30022637238256933,0.003506777235363915,0.0005898483155447668,1.7313854853911403,1.0,1.9882891976267256,signatures/204af89ac36dfdd7c4fcad734dffd0d2.sig.gz,"GCF_900104635.1 Coprococcus phoceensis strain=Marseille-P3062, PRJEB16356",204af89ac36dfdd7c4fcad734dffd0d2,0.3653084323712507,1061000,53,192267000,/nfs3_ib/nfs-ip34/home/def-ilafores/analysis/MethodsComparison/Feces_RA/preproc/SRR5091454/SRR5091454_unmatched_2.fastq,SRR5091454,57d90ad0a44cdb8421c3143993d6aa13,302557000,31,DNA,1000,302557,true,0.8385949195602282,0.9680376490886693,0.9033162843244488,0.9680376490886693,1837,1905244,3114360
1354000,0.0044751897989469755,0.31211936662606576,0.003387791391374187,0.0008913548851128322,2.7082926829268295,2.0,2.9657853008810426,signatures/c9db8a0f1ca1dc314b40e6758f8144cd.sig.gz,"GCA_001312505.1 [Ruminococcus] faecis JCM 15917 strain=JCM 15917, ASM131250v1",c9db8a0f1ca1dc314b40e6758f8144cd,0.4123020706455542,1025000,54,191242000,/nfs3_ib/nfs-ip34/home/def-ilafores/analysis/MethodsComparison/Feces_RA/preproc/SRR5091454/SRR5091454_unmatched_2.fastq,SRR5091454,57d90ad0a44cdb8421c3143993d6aa13,302557000,31,DNA,1000,302557,true,0.8398848055982523,0.9718239489023195,0.9058543772502858,0.9718239489023195,2776,1908020,3114360
1105000,0.003652204378018026,0.29752312742464937,0.0032952468460488438,0.0005105382807382577,1.5947843530591774,1.0,1.3287549238210346,signatures/fc9dd651768c64db338b7a7b51da8c0f.sig.gz,"GCF_001517625.2 Clostridium sp. AT4 strain=AT5, Clostridium bouchedurhonense",fc9dd651768c64db338b7a7b51da8c0f,0.3297523127424649,997000,55,190245000,/nfs3_ib/nfs-ip34/home/def-ilafores/analysis/MethodsComparison/Feces_RA/preproc/SRR5091454/SRR5091454_unmatched_2.fastq,SRR5091454,57d90ad0a44cdb8421c3143993d6aa13,302557000,31,DNA,1000,302557,true,0.8343970198423699,0.9648452710186611,0.8996211454305155,0.9648452710186611,1590,1909610,3114360
1068000,0.003529913371695251,0.33403141361256544,0.0031630403527269243,0.0005869584762198333,1.910135841170324,1.0,1.5211060164951027,signatures/5998c1d4c3c14df80fd6cff6ba682767.sig.gz,"GCA_003096535.1 Agathobaculum butyriciproducens strain=DSM 100391, ASM309653v1",5998c1d4c3c14df80fd6cff6ba682767,0.37277486910994767,957000,56,189288000,/nfs3_ib/nfs-ip34/home/def-ilafores/analysis/MethodsComparison/Feces_RA/preproc/SRR5091454/SRR5091454_unmatched_2.fastq,SRR5091454,57d90ad0a44cdb8421c3143993d6aa13,302557000,31,DNA,1000,302557,true,0.8334808278813066,0.9686696607728358,0.9010752443270712,0.9686696607728358,1828,1911438,3114360
2973000,0.009826247616151668,0.16736325640559696,0.0030440545087371965,0.006410626902477555,21.677524429967427,20.0,11.261631687679504,signatures/48ac22e23336bd18ad59549f5bb90daa.sig.gz,GCF_958387885.1 uncultured Bacteroides sp. SRR17798034_bin.10_MetaWRAP_v1.3_MAG,48ac22e23336bd18ad59549f5bb90daa,0.5402507723060149,921000,57,188367000,/nfs3_ib/nfs-ip34/home/def-ilafores/analysis/MethodsComparison/Feces_RA/preproc/SRR5091454/SRR5091454_unmatched_2.fastq,SRR5091454,57d90ad0a44cdb8421c3143993d6aa13,302557000,31,DNA,1000,302557,true,0.8614663401290942,0.9803339546726595,0.9209001474008769,0.9803339546726595,19965,1931403,3114360
1144000,0.0037811057090068978,0.27714113389626055,0.0030374441840711006,0.0005041164155717387,1.7083786724700762,1.0,1.7095537360090438,signatures/fc95d81881dbf484815547131bbb9759.sig.gz,"GCA_003480725.1 Clostridiaceae bacterium AM27-36LB strain=AM27-36LB, ASM348072v1",fc95d81881dbf484815547131bbb9759,0.34499396863691195,919000,58,187448000,/nfs3_ib/nfs-ip34/home/def-ilafores/analysis/MethodsComparison/Feces_RA/preproc/SRR5091454/SRR5091454_unmatched_2.fastq,SRR5091454,57d90ad0a44cdb8421c3143993d6aa13,302557000,31,DNA,1000,302557,true,0.8353311399531523,0.966252640271765,0.9007918901124587,0.966252640271765,1570,1932973,3114360
1006000,0.0033249933070462756,0.34786117836965297,0.0028490499310873654,0.0006775067750677507,2.4477958236658934,2.0,2.5531816310068147,signatures/0fa52b16ef37ab178f2b54115192a175.sig.gz,"GCF_003865035.1 Anaerotignum faecicola strain=KCTC 15736, ASM386503v1",0fa52b16ef37ab178f2b54115192a175,0.4059725585149314,862000,59,186586000,/nfs3_ib/nfs-ip34/home/def-ilafores/analysis/MethodsComparison/Feces_RA/preproc/SRR5091454/SRR5091454_unmatched_2.fastq,SRR5091454,57d90ad0a44cdb8421c3143993d6aa13,302557000,31,DNA,1000,302557,true,0.8318744141192532,0.9713390766318286,0.901606745375541,0.9713390766318286,2110,1935083,3114360
973000,0.003215922950055692,0.25627240143369173,0.0028358292817551732,0.00041003609088223583,1.4883449883449884,1.0,1.0524604593580609,signatures/b423d70e4cb5250db5f4ca2e9af27e62.sig.gz,"GCF_013304445.1 Blautia hansenii strain=MSK.15.26, ASM1330444v1",b423d70e4cb5250db5f4ca2e9af27e62,0.290621266427718,858000,60,185728000,/nfs3_ib/nfs-ip34/home/def-ilafores/analysis/MethodsComparison/Feces_RA/preproc/SRR5091454/SRR5091454_unmatched_2.fastq,SRR5091454,57d90ad0a44cdb8421c3143993d6aa13,302557000,31,DNA,1000,302557,true,0.8309798718598542,0.960921654442994,0.8959507631514241,0.960921654442994,1277,1936360,3114360
1396000,0.00461400661693499,0.2031098153547133,0.002763115710428118,0.0006656263245096906,2.479665071770335,1.0,3.4451710720331823,signatures/06f53d8a347ef84d19961ba77261cd81.sig.gz,GCA_003471165.1 Ruminococcus sp. AM22-13 strain=AM22-13 ASM347116v1,06f53d8a347ef84d19961ba77261cd81,0.3391642371234208,836000,61,184892000,/nfs3_ib/nfs-ip34/home/def-ilafores/analysis/MethodsComparison/Feces_RA/preproc/SRR5091454/SRR5091454_unmatched_2.fastq,SRR5091454,57d90ad0a44cdb8421c3143993d6aa13,302557000,31,DNA,1000,302557,true,0.8407128476466954,0.9657215820366992,0.9032172148416973,0.9657215820366992,2073,1938433,3114360
891000,0.002944899638745757,0.23249299719887956,0.00274328473642983,0.0003711838066247961,1.3927710843373493,1.0,0.7428021080301295,signatures/980daf2f59292d4274abbebc4ffea645.sig.gz,"GCF_009767585.1 Coprobacillus cateniformis strain=RCA1-24, ASM976758v1",980daf2f59292d4274abbebc4ffea645,0.2495798319327731,830000,62,184062000,/nfs3_ib/nfs-ip34/home/def-ilafores/analysis/MethodsComparison/Feces_RA/preproc/SRR5091454/SRR5091454_unmatched_2.fastq,SRR5091454,57d90ad0a44cdb8421c3143993d6aa13,302557000,31,DNA,1000,302557,true,0.828623246258592,0.9562141031037033,0.8924186746811476,0.9562141031037033,1156,1939589,3114360
1066000,0.0035233030470291546,0.27161334240980256,0.002637519541772294,0.0007664496076240383,2.991228070175439,2.0,4.399381734371987,signatures/c7d4730d7ef725fd5e285130d735d8de.sig.gz,"GCF_020687245.1 Faecalibacterium longum CLA-AA-H243 strain=CLA-AA-H243, ASM2068724v1",c7d4730d7ef725fd5e285130d735d8de,0.36283185840707965,798000,63,183264000,/nfs3_ib/nfs-ip34/home/def-ilafores/analysis/MethodsComparison/Feces_RA/preproc/SRR5091454/SRR5091454_unmatched_2.fastq,SRR5091454,57d90ad0a44cdb8421c3143993d6aa13,302557000,31,DNA,1000,302557,true,0.8334304329921567,0.967825250896454,0.9006278419443053,0.967825250896454,2387,1941976,3114360
947000,0.0031299887293964445,0.21822336475292772,0.0025251440224486627,0.0004032931324573909,1.643979057591623,1.0,2.5250478984791114,signatures/6d00b0a0ca344fdf96ce690671c5fa63.sig.gz,"GCF_902381825.1 Coprococcus catus, UHGG_MGYG-HGUT-01714",6d00b0a0ca344fdf96ce690671c5fa63,0.27049414453013426,764000,64,182500000,/nfs3_ib/nfs-ip34/home/def-ilafores/analysis/MethodsComparison/Feces_RA/preproc/SRR5091454/SRR5091454_unmatched_2.fastq,SRR5091454,57d90ad0a44cdb8421c3143993d6aa13,302557000,31,DNA,1000,302557,true,0.8302541540782968,0.9586995243026469,0.8944768391904718,0.9586995243026469,1256,1943232,3114360
913000,0.0030176132100728126,0.18652589240824535,0.002452430451121607,0.02037914691943128,85.53638814016172,2.0,292.2445172117413,signatures/21dcfee3f1e24fb9aebbbe6b8ae42cad.sig.gz,"GCF_000154845.1 Bacteroides coprocola DSM 17136 strain=DSM 17136, ASM15484v1",21dcfee3f1e24fb9aebbbe6b8ae42cad,0.22951231774761185,742000,65,181758000,/nfs3_ib/nfs-ip34/home/def-ilafores/analysis/MethodsComparison/Feces_RA/preproc/SRR5091454/SRR5091454_unmatched_2.fastq,SRR5091454,57d90ad0a44cdb8421c3143993d6aa13,302557000,31,DNA,1000,302557,true,0.8292754810490028,0.9536320502342914,0.8914537656416471,0.9536320502342914,63468,2006700,3114360
715000,0.0023631910681293114,0.24064711830131447,0.002359885905796263,0.00031563467293440706,1.376750700280112,1.0,0.6937637995444369,signatures/44d064decffc4be1aefc6566373b087b.sig.gz,"GCF_015667935.1 Clostridium sp. 1001270J_160509_D11 strain=1001270J_160509_D11, ASM1566793v1",44d064decffc4be1aefc6566373b087b,0.24098415908324908,714000,66,181044000,/nfs3_ib/nfs-ip34/home/def-ilafores/analysis/MethodsComparison/Feces_RA/preproc/SRR5091454/SRR5091454_unmatched_2.fastq,SRR5091454,57d90ad0a44cdb8421c3143993d6aa13,302557000,31,DNA,1000,302557,true,0.8227618689220841,0.9551336482292421,0.8889477585756631,0.9551336482292421,983,2007683,3114360
766000,0.0025317543471147586,0.1780962128966223,0.0023003929838013993,0.0003153135796760811,1.410919540229885,1.0,0.9085141743640975,signatures/7e6d64aeed16ed31733900b0e7434256.sig.gz,"GCA_003112755.1 Lawsonibacter asaccharolyticus strain=3BBH22, ASM311275v1",7e6d64aeed16ed31733900b0e7434256,0.19600818833162742,696000,67,180348000,/nfs3_ib/nfs-ip34/home/def-ilafores/analysis/MethodsComparison/Feces_RA/preproc/SRR5091454/SRR5091454_unmatched_2.fastq,SRR5091454,57d90ad0a44cdb8421c3143993d6aa13,302557000,31,DNA,1000,302557,true,0.8245925472796102,0.9487900814030589,0.8866913143413345,0.9487900814030589,982,2008665,3114360
2173000,0.007182117749713278,0.1292925501970351,0.0022772568474700634,0.0007956690941316997,3.5965166908563133,3.0,3.092627039102359,signatures/36bb9301189d48be24ee9b00d0e2e161.sig.gz,"GCF_000194175.1 Escherichia coli 1.2741 strain=1.2741, ASM19417v2",36bb9301189d48be24ee9b00d0e2e161,0.4077688121598799,689000,68,179659000,/nfs3_ib/nfs-ip34/home/def-ilafores/analysis/MethodsComparison/Feces_RA/preproc/SRR5091454/SRR5091454_unmatched_2.fastq,SRR5091454,57d90ad0a44cdb8421c3143993d6aa13,302557000,31,DNA,1000,302557,true,0.8527993398914953,0.9714774179976589,0.912138378944577,0.9714774179976589,2478,2011143,3114360
700000,0.0023136136331335915,0.3875,0.0022541207111387274,0.0004158157695321029,1.8988269794721409,2.0,1.1031938846775746,signatures/927c8c1a59d2748c2e34e96126bc12ea.sig.gz,"GCF_902364775.1 Collinsella intestinalis, MGYG-HGUT-00247",927c8c1a59d2748c2e34e96126bc12ea,0.3977272727272727,682000,69,178977000,/nfs3_ib/nfs-ip34/home/def-ilafores/analysis/MethodsComparison/Feces_RA/preproc/SRR5091454/SRR5091454_unmatched_2.fastq,SRR5091454,57d90ad0a44cdb8421c3143993d6aa13,302557000,31,DNA,1000,302557,true,0.8221993397645968,0.9706963555980438,0.8964478476813202,0.9706963555980438,1295,2012438,3114360
694000,0.0022937826591353035,0.36251342642320084,0.002230984574807392,0.00031820341900101463,1.4681481481481482,1.0,0.7737021966901971,signatures/fed98fe06f36d89d113198957fefae2c.sig.gz,"GCA_900542375.1 uncultured Ruminococcaceae bacterium, UMGS454",fed98fe06f36d89d113198957fefae2c,0.3727175080558539,675000,70,178302000,/nfs3_ib/nfs-ip34/home/def-ilafores/analysis/MethodsComparison/Feces_RA/preproc/SRR5091454/SRR5091454_unmatched_2.fastq,SRR5091454,57d90ad0a44cdb8421c3143993d6aa13,302557000,31,DNA,1000,302557,true,0.8219710553376277,0.9686648521929123,0.89531795376527,0.9686648521929123,991,2013429,3114360
2073000,0.006851601516408478,0.11530434782608695,0.002191322626810816,0.0031187788181199346,14.650075414781297,14.0,16.405164984058903,signatures/c08f8e47dd318b08d89c36c36e6da9e1.sig.gz,"GCF_000210075.1 Bacteroides xylanisolvens XB1A strain=XB1A, ASM21007v1",c08f8e47dd318b08d89c36c36e6da9e1,0.3605217391304348,663000,71,177639000,/nfs3_ib/nfs-ip34/home/def-ilafores/analysis/MethodsComparison/Feces_RA/preproc/SRR5091454/SRR5091454_unmatched_2.fastq,SRR5091454,57d90ad0a44cdb8421c3143993d6aa13,302557000,31,DNA,1000,302557,true,0.8515042929234033,0.9676258598075925,0.9095650763654979,0.9676258598075925,9713,2023142,3114360
762000,0.0025185336977825664,0.10116060225846926,0.002131829704815952,0.000297653450468154,1.4372093023255814,1.0,2.555039700458922,signatures/93f73424a62c9a7810069426678c2739.sig.gz,"GCF_002234575.2 Enterocloster bolteae strain=ATCC BAA-613, ASM223457v2",93f73424a62c9a7810069426678c2739,0.11951066499372648,645000,72,176994000,/nfs3_ib/nfs-ip34/home/def-ilafores/analysis/MethodsComparison/Feces_RA/preproc/SRR5091454/SRR5091454_unmatched_2.fastq,SRR5091454,57d90ad0a44cdb8421c3143993d6aa13,302557000,31,DNA,1000,302557,true,0.8244532929641867,0.9337678665375552,0.8791105797508709,0.9337678665375552,927,2024069,3114360
2330000,0.007701028236001811,0.11651542649727768,0.002121914217816808,0.007357530921280777,35.691588785046726,18.0,42.63685925648949,signatures/f906f0ea3324bc6db880a742f3f0b0ba.sig.gz,"GCF_013009555.1 Bacteroides dorei strain=DSM 17855, ASM1300955v1",f906f0ea3324bc6db880a742f3f0b0ba,0.42286751361161523,642000,73,176352000,/nfs3_ib/nfs-ip34/home/def-ilafores/analysis/MethodsComparison/Feces_RA/preproc/SRR5091454/SRR5091454_unmatched_2.fastq,SRR5091454,57d90ad0a44cdb8421c3143993d6aa13,302557000,31,DNA,1000,302557,true,0.8547205624330224,0.9726174898833808,0.9136690261582017,0.9726174898833808,22914,2046983,3114360
902000,0.002981256424409285,0.17319360176503035,0.0020756419451541364,0.0004485672818813496,2.2245222929936306,1.0,5.624579581838362,signatures/c7c1a160793d1ec9d73e128c1ab0fc90.sig.gz,"GCF_003478505.1 Clostridium sp. AF27-2AA strain=AF27-2AA, ASM347850v1",c7c1a160793d1ec9d73e128c1ab0fc90,0.24875896304467732,628000,74,175724000,/nfs3_ib/nfs-ip34/home/def-ilafores/analysis/MethodsComparison/Feces_RA/preproc/SRR5091454/SRR5091454_unmatched_2.fastq,SRR5091454,57d90ad0a44cdb8421c3143993d6aa13,302557000,31,DNA,1000,302557,true,0.8289512880771178,0.9561124899662652,0.8925318890216916,0.9561124899662652,1397,2048380,3114360
791000,0.0026143834054409582,0.17935409457900808,0.0020558109711558484,0.000359624449325062,1.8006430868167203,1.0,1.5893939788107474,signatures/05df2d9cef43af2f34e1eb0c217ff27b.sig.gz,"GCF_020687435.1 Blautia sp. CLA-AA-H217 strain=CLA-AA-H217, ASM2068743v1",05df2d9cef43af2f34e1eb0c217ff27b,0.22808535178777392,622000,75,175102000,/nfs3_ib/nfs-ip34/home/def-ilafores/analysis/MethodsComparison/Feces_RA/preproc/SRR5091454/SRR5091454_unmatched_2.fastq,SRR5091454,57d90ad0a44cdb8421c3143993d6aa13,302557000,31,DNA,1000,302557,true,0.8254472624493879,0.9534402113362964,0.8894437368928422,0.9534402113362964,1120,2049500,3114360
633000,0.002092167756819376,0.16630785791173305,0.002042590321823656,0.0002854519066517679,1.4385113268608414,1.0,1.7617673856298735,signatures/988b2ef58a54374a65546dbc194ca3be.sig.gz,GCA_015074785.1 Segatella copri strain=YF2 ASM1507478v1,988b2ef58a54374a65546dbc194ca3be,0.17034445640473628,618000,76,174484000,/nfs3_ib/nfs-ip34/home/def-ilafores/analysis/MethodsComparison/Feces_RA/preproc/SRR5091454/SRR5091454_unmatched_2.fastq,SRR5091454,57d90ad0a44cdb8421c3143993d6aa13,302557000,31,DNA,1000,302557,true,0.8195352328714913,0.9445047126240059,0.8820199727477487,0.9445047126240059,889,2050389,3114360
770000,0.0025449749964469503,0.16933701657458564,0.0020260645101584165,0.0002713238032854262,1.3784665579119086,1.0,0.9711967345336059,signatures/74059216b7cd65a7ff314267c1b83b8e.sig.gz,"GCF_005121165.3 Dysosmobacter welbionis strain=J115, ASM512116v3",74059216b7cd65a7ff314267c1b83b8e,0.212707182320442,613000,77,173871000,/nfs3_ib/nfs-ip34/home/def-ilafores/analysis/MethodsComparison/Feces_RA/preproc/SRR5091454/SRR5091454_unmatched_2.fastq,SRR5091454,57d90ad0a44cdb8421c3143993d6aa13,302557000,31,DNA,1000,302557,true,0.8247310996461641,0.9512957431534402,0.8880134213998021,0.9512957431534402,845,2051234,3114360
661000,0.00218471230214472,0.15023708510107311,0.0019897077244948884,0.00023953557071115734,1.239202657807309,1.0,0.555185188456346,signatures/62b03b4f0784189f3ee5b7d7041318cd.sig.gz,"GCF_019597925.1 [Clostridium] scindens strain=Q4, ASM1959792v1",62b03b4f0784189f3ee5b7d7041318cd,0.16496131769403544,602000,78,173269000,/nfs3_ib/nfs-ip34/home/def-ilafores/analysis/MethodsComparison/Feces_RA/preproc/SRR5091454/SRR5091454_unmatched_2.fastq,SRR5091454,57d90ad0a44cdb8421c3143993d6aa13,302557000,31,DNA,1000,302557,true,0.8206802993630811,0.9435268465664394,0.8821035729647602,0.9435268465664394,746,2051980,3114360
798000,0.002637519541772294,0.13558504221954162,0.0018575012311729691,0.00027068161676877434,1.5,1.0,1.675923286194796,signatures/928b2d7b80c57c283b973481c1cf1d26.sig.gz,"GCF_020554845.1 Blautia faecis strain=DFI.3.66, ASM2055484v1",928b2d7b80c57c283b973481c1cf1d26,0.1925211097708082,562000,79,172707000,/nfs3_ib/nfs-ip34/home/def-ilafores/analysis/MethodsComparison/Feces_RA/preproc/SRR5091454/SRR5091454_unmatched_2.fastq,SRR5091454,57d90ad0a44cdb8421c3143993d6aa13,302557000,31,DNA,1000,302557,true,0.8256818993446146,0.9482408411938062,0.8869613702692104,0.9482408411938062,843,2052823,3114360
563000,0.001860806393506017,0.13658536585365855,0.001850890906506873,0.00021770122914499288,1.2107142857142856,1.0,0.4984542432892524,signatures/f3794e41b396d87db9c4d865aaec4865.sig.gz,"GCF_009834925.2 Eggerthella sp. HF-1101 strain=HF-1101, ASM983492v2",f3794e41b396d87db9c4d865aaec4865,0.13731707317073172,560000,80,172147000,/nfs3_ib/nfs-ip34/home/def-ilafores/analysis/MethodsComparison/Feces_RA/preproc/SRR5091454/SRR5091454_unmatched_2.fastq,SRR5091454,57d90ad0a44cdb8421c3143993d6aa13,302557000,31,DNA,1000,302557,true,0.8164429529642737,0.9379607441507901,0.8772018485575319,0.9379607441507901,678,2053501,3114360
534000,0.0017649566858476255,0.24041970802919707,0.0017418205495162895,0.0002854519066517679,1.6869070208728654,1.0,1.0097622716485417,signatures/eb4f58e1a81c7b32929b1ae48cd7ae5d.sig.gz,GCF_934476515.1 uncultured Ruminococcus sp. ERR7738204_bin.147,eb4f58e1a81c7b32929b1ae48cd7ae5d,0.24361313868613138,527000,81,171620000,/nfs3_ib/nfs-ip34/home/def-ilafores/analysis/MethodsComparison/Feces_RA/preproc/SRR5091454/SRR5091454_unmatched_2.fastq,SRR5091454,57d90ad0a44cdb8421c3143993d6aa13,302557000,31,DNA,1000,302557,true,0.8150513468404956,0.9554680117901341,0.8852596793153149,0.9554680117901341,889,2054390,3114360
727000,0.002402853016125887,0.14783586284429454,0.0017385153871832416,0.00029958001001810963,1.773764258555133,1.0,2.9495369059625434,signatures/414bbe2ea74e8b8695fa300df29056f9.sig.gz,GCF_020686965.1 Hominiventricola filiformis strain=CLA-AA-H276 ASM2068696v1,414bbe2ea74e8b8695fa300df29056f9,0.2043282743114109,526000,82,171094000,/nfs3_ib/nfs-ip34/home/def-ilafores/analysis/MethodsComparison/Feces_RA/preproc/SRR5091454/SRR5091454_unmatched_2.fastq,SRR5091454,57d90ad0a44cdb8421c3143993d6aa13,302557000,31,DNA,1000,302557,true,0.8232037293012263,0.9500632762541725,0.8866335027776995,0.9500632762541725,933,2055323,3114360
645000,0.002131829704815952,0.13266384778012685,0.0016591914911900899,0.0002697183369937965,1.6733067729083666,1.0,3.630444067192593,signatures/2f2898e95bcf042cc10512f989f0d2e2.sig.gz,"GCF_900083545.1 Alistipes provencensis strain=Marseille-P2431, PRJEB13794",2f2898e95bcf042cc10512f989f0d2e2,0.17045454545454544,502000,83,170592000,/nfs3_ib/nfs-ip34/home/def-ilafores/analysis/MethodsComparison/Feces_RA/preproc/SRR5091454/SRR5091454_unmatched_2.fastq,SRR5091454,57d90ad0a44cdb8421c3143993d6aa13,302557000,31,DNA,1000,302557,true,0.8200318602318304,0.9445243970511654,0.8822781286414979,0.9445243970511654,840,2056163,3114360
734000,0.002425989152457223,0.19573097060008054,0.001606308893861322,0.00032815731000911905,2.102880658436214,1.0,3.777466209123018,signatures/8481cbe07c98539d617a974c2a94df25.sig.gz,"GCF_003024675.1 Faecalibacillus faecis strain=SNUG30370, ASM302467v1",8481cbe07c98539d617a974c2a94df25,0.29561014901329036,486000,84,170106000,/nfs3_ib/nfs-ip34/home/def-ilafores/analysis/MethodsComparison/Feces_RA/preproc/SRR5091454/SRR5091454_unmatched_2.fastq,SRR5091454,57d90ad0a44cdb8421c3143993d6aa13,302557000,31,DNA,1000,302557,true,0.8234582328857448,0.9614493946606673,0.8924538137732061,0.9614493946606673,1022,2057185,3114360
2125000,0.007023469957726974,0.22025431425976386,0.001603003731528274,0.014273558612363374,91.65567010309279,90.0,27.446423796009146,signatures/206e886e325a99e9343ff83786ab0f29.sig.gz,GCA_959599425.1 uncultured Phocaeicola sp. SRR16280055_bin.21_MetaWRAP_v1.3_MAG,206e886e325a99e9343ff83786ab0f29,0.9650317892824705,485000,85,169621000,/nfs3_ib/nfs-ip34/home/def-ilafores/analysis/MethodsComparison/Feces_RA/preproc/SRR5091454/SRR5091454_unmatched_2.fastq,SRR5091454,57d90ad0a44cdb8421c3143993d6aa13,302557000,31,DNA,1000,302557,true,0.8521850808111723,0.9988524577718892,0.9255187692915308,0.9988524577718892,44453,2101638,3114360
2361000,0.007803488268326299,0.13236526110025132,0.0015666469458647462,0.002120499877984562,13.932489451476794,13.0,10.2407558049511,signatures/300d2de3c2c21f7c37b9a66b2c49f0e7.sig.gz,"GCA_900755095.1 uncultured Bacteroides sp., ERS473029_19",300d2de3c2c21f7c37b9a66b2c49f0e7,0.659313041049986,474000,86,169147000,/nfs3_ib/nfs-ip34/home/def-ilafores/analysis/MethodsComparison/Feces_RA/preproc/SRR5091454/SRR5091454_unmatched_2.fastq,SRR5091454,57d90ad0a44cdb8421c3143993d6aa13,302557000,31,DNA,1000,302557,true,0.8550850541151594,0.9866525605336862,0.9208688073244229,0.9866525605336862,6604,2108242,3114360
554000,0.0018310599325085852,0.0712233479510056,0.0015567314588656022,0.0007606699289741713,5.029723991507431,1.0,21.68866679230028,signatures/853e9a59589712e17ad2229ad2b25a87.sig.gz,"GCF_000969825.1 Parabacteroides gordonii MS-1 = DSM 23371 strain=MS-1, Para_gord_MS-1_V1",853e9a59589712e17ad2229ad2b25a87,0.08377438378950552,471000,87,168676000,/nfs3_ib/nfs-ip34/home/def-ilafores/analysis/MethodsComparison/Feces_RA/preproc/SRR5091454/SRR5091454_unmatched_2.fastq,SRR5091454,57d90ad0a44cdb8421c3143993d6aa13,302557000,31,DNA,1000,302557,true,0.8160186461513271,0.9231274238216413,0.8695730349864842,0.9231274238216413,2369,2110611,3114360
585000,0.0019335199648330727,0.07338017174082748,0.0015534262965325543,0.00018205987747081263,1.2063829787234042,1.0,0.5279040271090341,signatures/77a5975adbf3dbbc2be7beba4b4c4989.sig.gz,"GCF_000233455.1 [Clostridium] citroniae WAL-17108 strain=WAL-17108, Clos_citr_WAL_17108_V1",77a5975adbf3dbbc2be7beba4b4c4989,0.09133489461358314,470000,88,168206000,/nfs3_ib/nfs-ip34/home/def-ilafores/analysis/MethodsComparison/Feces_RA/preproc/SRR5091454/SRR5091454_unmatched_2.fastq,SRR5091454,57d90ad0a44cdb8421c3143993d6aa13,302557000,31,DNA,1000,302557,true,0.8174531280379939,0.9257040262387545,0.8715785771383742,0.9257040262387545,567,2111178,3114360
470000,0.0015534262965325543,0.25925925925925924,0.0015501211341995061,0.00023311370554463838,1.5479744136460554,1.0,0.8313815353621191,signatures/dc79372924876388a378ce5ece5a05d9.sig.gz,"GCA_000436835.1 Eubacterium sp. CAG:251, MGS251",dc79372924876388a378ce5ece5a05d9,0.25981205085682696,469000,89,167737000,/nfs3_ib/nfs-ip34/home/def-ilafores/analysis/MethodsComparison/Feces_RA/preproc/SRR5091454/SRR5091454_unmatched_2.fastq,SRR5091454,57d90ad0a44cdb8421c3143993d6aa13,302557000,31,DNA,1000,302557,true,0.8117017320103159,0.9574542729013218,0.8845780024558189,0.9574542729013218,726,2111904,3114360
480000,0.001586477919863034,0.09897392047883712,0.0015302901602012183,0.00018687627634570185,1.2570194384449245,1.0,1.6341487350223252,signatures/1d173544271fef8a51c6d94810f03490.sig.gz,"GCF_000466485.1 [Clostridium] symbiosum ATCC 14940 strain=ATCC 14940, ASM46648v1",1d173544271fef8a51c6d94810f03490,0.10260795211628901,463000,90,167274000,/nfs3_ib/nfs-ip34/home/def-ilafores/analysis/MethodsComparison/Feces_RA/preproc/SRR5091454/SRR5091454_unmatched_2.fastq,SRR5091454,57d90ad0a44cdb8421c3143993d6aa13,302557000,31,DNA,1000,302557,true,0.8122531801711362,0.9291859055642776,0.8707195428677069,0.9291859055642776,582,2112486,3114360
494000,0.001632750192525706,0.06990014265335236,0.0014575765888741625,0.0001852708100540721,1.308390022675737,1.0,2.5341472720888074,signatures/227298ab041a61f361813f05281bd736.sig.gz,"GCF_000969835.1 Parabacteroides goldsteinii DSM 19448 = WAL 12034 strain=DSM 19448, Para_gold_DSM_19448_V1",227298ab041a61f361813f05281bd736,0.07830084006974164,441000,91,166833000,/nfs3_ib/nfs-ip34/home/def-ilafores/analysis/MethodsComparison/Feces_RA/preproc/SRR5091454/SRR5091454_unmatched_2.fastq,SRR5091454,57d90ad0a44cdb8421c3143993d6aa13,302557000,31,DNA,1000,302557,true,0.8130068135244751,0.9211175264250252,0.8670621699747502,0.9211175264250252,577,2113063,3114360
434000,0.0014344404525428267,0.1248558246828143,0.0014311352902097786,0.00017884894488755313,1.2863741339491916,1.0,0.627487396504548,signatures/09e211f250a0bab5c37c5f0c9a8ff94d.sig.gz,"GCF_003019675.1 Fusobacterium ulcerans strain=ATCC 49185, ASM301967v1",09e211f250a0bab5c37c5f0c9a8ff94d,0.1251441753171857,433000,92,166400000,/nfs3_ib/nfs-ip34/home/def-ilafores/analysis/MethodsComparison/Feces_RA/preproc/SRR5091454/SRR5091454_unmatched_2.fastq,SRR5091454,57d90ad0a44cdb8421c3143993d6aa13,302557000,31,DNA,1000,302557,true,0.8096178625732516,0.9351563220440287,0.8723870923086401,0.9351563220440287,557,2113620,3114360
454000,0.0015005436992037865,0.19624025676295279,0.0014146094785445387,0.00019137158196226513,1.3925233644859814,1.0,0.785463841125601,signatures/7b84dbbb3f681c53d36cf76d788fd1fa.sig.gz,"GCA_020555865.1 bacterium 210917-DFI.7.65 strain=DFI.7.65, ASM2055586v1",7b84dbbb3f681c53d36cf76d788fd1fa,0.20816139385602933,428000,93,165972000,/nfs3_ib/nfs-ip34/home/def-ilafores/analysis/MethodsComparison/Feces_RA/preproc/SRR5091454/SRR5091454_unmatched_2.fastq,SRR5091454,57d90ad0a44cdb8421c3143993d6aa13,302557000,31,DNA,1000,302557,true,0.810795345135235,0.9506330505051107,0.8807141978201729,0.9506330505051107,596,2114216,3114360
782000,0.0025846369444435264,0.11214209968186638,0.0013980836668792988,0.0004993000166968495,3.6761229314420802,1.0,5.6836684540883455,signatures/47a8a8805c519f2455918c9990c029e5.sig.gz,"GCF_003481985.1 Clostridium sp. OF09-36 strain=OF09-36, ASM348198v1",47a8a8805c519f2455918c9990c029e5,0.2073170731707317,423000,94,165549000,/nfs3_ib/nfs-ip34/home/def-ilafores/analysis/MethodsComparison/Feces_RA/preproc/SRR5091454/SRR5091454_unmatched_2.fastq,SRR5091454,57d90ad0a44cdb8421c3143993d6aa13,302557000,31,DNA,1000,302557,true,0.8251426160813807,0.9505084234742661,0.8878255197778234,0.9505084234742661,1555,2115771,3114360
1630000,0.00538741460286822,0.08611167928001637,0.0013914733422132027,0.0035233563236106297,26.06413301662708,22.0,19.722858219901934,signatures/710cdbb1b39af4ff433ed7fbad6c78ce.sig.gz,"GCF_000614125.1 Bacteroides rodentium JCM 16496 strain=JCM 16496, ASM61412v1",710cdbb1b39af4ff433ed7fbad6c78ce,0.3334015136019636,421000,95,165128000,/nfs3_ib/nfs-ip34/home/def-ilafores/analysis/MethodsComparison/Feces_RA/preproc/SRR5091454/SRR5091454_unmatched_2.fastq,SRR5091454,57d90ad0a44cdb8421c3143993d6aa13,302557000,31,DNA,1000,302557,true,0.8449260936913735,0.9651878738448577,0.9050569837681156,0.9651878738448577,10973,2126744,3114360
532000,0.0017583463611815294,0.11899971256108077,0.001368337205881867,0.0001705005201710785,1.2826086956521738,1.0,0.5687828827011714,signatures/85180973bcf7ff8f6fcf5e290ed49454.sig.gz,"GCF_000024265.1 Eggerthella lenta DSM 2243 strain=DSM 2243, ASM2426v1",85180973bcf7ff8f6fcf5e290ed49454,0.1529175050301811,414000,96,164714000,/nfs3_ib/nfs-ip34/home/def-ilafores/analysis/MethodsComparison/Feces_RA/preproc/SRR5091454/SRR5091454_unmatched_2.fastq,SRR5091454,57d90ad0a44cdb8421c3143993d6aa13,302557000,31,DNA,1000,302557,true,0.8149526961140223,0.9412222125877706,0.8780874543508965,0.9412222125877706,531,2127275,3114360
519000,0.0017153792508519056,0.05953774136922177,0.001345201069550531,0.00020678405836191063,1.5823095823095823,1.0,6.749099972573035,signatures/0f58288732b3804f3c8d60da453de357.sig.gz,GCF_025149285.1 Hungatella hathewayi strain=DSM 13479 ASM2514928v1,0f58288732b3804f3c8d60da453de357,0.0759215915740199,407000,97,164307000,/nfs3_ib/nfs-ip34/home/def-ilafores/analysis/MethodsComparison/Feces_RA/preproc/SRR5091454/SRR5091454_unmatched_2.fastq,SRR5091454,57d90ad0a44cdb8421c3143993d6aa13,302557000,31,DNA,1000,302557,true,0.8143025810853379,0.9202011077437863,0.867251844414562,0.9202011077437863,644,2127919,3114360
405000,0.001338590744884435,0.2437538086532602,0.001322064933219195,0.00017017942691275253,1.325,1.0,0.6279928343540234,signatures/9823363955485f79b3d9942d5048f058.sig.gz,"GCA_900757025.1 Clostridia bacterium, ERS537280_49",9823363955485f79b3d9942d5048f058,0.24680073126142596,400000,98,163907000,/nfs3_ib/nfs-ip34/home/def-ilafores/analysis/MethodsComparison/Feces_RA/preproc/SRR5091454/SRR5091454_unmatched_2.fastq,SRR5091454,57d90ad0a44cdb8421c3143993d6aa13,302557000,31,DNA,1000,302557,true,0.807813710569333,0.955868769323848,0.8818412399465905,0.955868769323848,530,2128449,3114360
3538000,0.01169366433432378,0.09377344336084022,0.0012394358748929954,0.008046597053648262,66.82666666666667,64.0,30.536611177768602,signatures/368314a9cda1fb73c39f56f1ff8da594.sig.gz,"GCA_900760795.1 Bacteroidaceae bacterium, SRS021948_34",368314a9cda1fb73c39f56f1ff8da594,0.8847211802950737,375000,99,163532000,/nfs3_ib/nfs-ip34/home/def-ilafores/analysis/MethodsComparison/Feces_RA/preproc/SRR5091454/SRR5091454_unmatched_2.fastq,SRR5091454,57d90ad0a44cdb8421c3143993d6aa13,302557000,31,DNA,1000,302557,true,0.8663149848541576,0.9960567392121957,0.9311858620331767,0.9960567392121957,25060,2153509,3114360
2040000,0.006742531159417895,0.08002574554816563,0.0012328255502268993,0.0018883494522149013,15.766756032171582,16.0,12.404131865306029,signatures/c7357052beed930961bb4cc339dd0845.sig.gz,GCA_948436425.1 uncultured Bacteroides sp. SRR17684645_bin.52_metawrap_v1.3_MAG,c7357052beed930961bb4cc339dd0845,0.4376743188157048,373000,100,163159000,/nfs3_ib/nfs-ip34/home/def-ilafores/analysis/MethodsComparison/Feces_RA/preproc/SRR5091454/SRR5091454_unmatched_2.fastq,SRR5091454,57d90ad0a44cdb8421c3143993d6aa13,302557000,31,DNA,1000,302557,true,0.8510636292069862,0.9736978877450103,0.9123807584759982,0.9736978877450103,5881,2159390,3114360
477000,0.00157656243286389,0.09786336059087312,0.0012262152255608034,0.00017178489320438228,1.4420485175202156,1.0,1.3026036989690613,signatures/5438c078b0a156d97f3fa3894640469e.sig.gz,"GCF_014337235.1 Eubacterium sp. NSJ-61 strain=NSJ-61, ASM1433723v1",5438c078b0a156d97f3fa3894640469e,0.12582432075969402,371000,101,162788000,/nfs3_ib/nfs-ip34/home/def-ilafores/analysis/MethodsComparison/Feces_RA/preproc/SRR5091454/SRR5091454_unmatched_2.fastq,SRR5091454,57d90ad0a44cdb8421c3143993d6aa13,302557000,31,DNA,1000,302557,true,0.8120889221655132,0.9353198432686607,0.873704382717087,0.9353198432686607,535,2159925,3114360
373000,0.0012328255502268993,0.12297843665768195,0.0012063842515625154,0.00014449196624667667,1.2328767123287672,1.0,0.6175636608570075,signatures/a4b84820347df41b4e179c121a5d09eb.sig.gz,"GCA_905214955.1 uncultured bacterium, ERR1430502-mag-bin.37",a4b84820347df41b4e179c121a5d09eb,0.12567385444743936,365000,102,162423000,/nfs3_ib/nfs-ip34/home/def-ilafores/analysis/MethodsComparison/Feces_RA/preproc/SRR5091454/SRR5091454_unmatched_2.fastq,SRR5091454,57d90ad0a44cdb8421c3143993d6aa13,302557000,31,DNA,1000,302557,true,0.805671715003826,0.9352837418258473,0.8704777284148366,0.9352837418258473,450,2160375,3114360
1266000,0.004184335513638752,0.07565941693660343,0.001080788082906692,0.001586842882646836,15.113149847094801,11.0,22.815629431325725,signatures/284259e70e0364cec13b6b5c7e16db9f.sig.gz,"GCF_004793765.1 Parabacteroides distasonis strain=NM39_I3, ASM479376v1",284259e70e0364cec13b6b5c7e16db9f,0.2929199444701527,327000,103,162096000,/nfs3_ib/nfs-ip34/home/def-ilafores/analysis/MethodsComparison/Feces_RA/preproc/SRR5091454/SRR5091454_unmatched_2.fastq,SRR5091454,57d90ad0a44cdb8421c3143993d6aa13,302557000,31,DNA,1000,302557,true,0.8380661010125355,0.9611658964337556,0.8996159987231456,0.9611658964337556,4942,2165317,3114360
444000,0.0014674920758733065,0.11061490896599106,0.001064262271241452,0.00013004276962200903,1.2577639751552796,1.0,0.6295162050073111,signatures/c6bad6b80328a581c7aeb7d96b867f9b.sig.gz,"GCF_000154445.1 Intestinibacter bartlettii DSM 16795 strain=DSM 16795, ASM15444v1",c6bad6b80328a581c7aeb7d96b867f9b,0.15252490553074544,322000,104,161774000,/nfs3_ib/nfs-ip34/home/def-ilafores/analysis/MethodsComparison/Feces_RA/preproc/SRR5091454/SRR5091454_unmatched_2.fastq,SRR5091454,57d90ad0a44cdb8421c3143993d6aa13,302557000,31,DNA,1000,302557,true,0.8102130205046841,0.941144164349422,0.8756785924270531,0.941144164349422,405,2165722,3114360
854000,0.0028226086324229815,0.08390320883745397,0.001054346784242308,0.00032815731000911905,3.2037617554858935,1.0,4.314354361986786,signatures/a8487ccc34a799adb014d58e14274aaf.sig.gz,GCA_025758065.1 Lachnospiraceae bacterium ASM2575806v1,a8487ccc34a799adb014d58e14274aaf,0.22461862177801156,319000,105,161455000,/nfs3_ib/nfs-ip34/home/def-ilafores/analysis/MethodsComparison/Feces_RA/preproc/SRR5091454/SRR5091454_unmatched_2.fastq,SRR5091454,57d90ad0a44cdb8421c3143993d6aa13,302557000,31,DNA,1000,302557,true,0.8274903249530567,0.9529692679641931,0.890229796458625,0.9529692679641931,1022,2166744,3114360
600000,0.0019830973998287925,0.08643356643356644,0.001021295160911828,0.0001852708100540721,1.867313915857605,1.0,2.2808899859471623,signatures/6fb5d9fae55cc8ecb2a67f82352fb7a7.sig.gz,GCF_025147765.1 Blautia obeum ATCC 29174 strain=ATCC 29174 ASM2514776v1,6fb5d9fae55cc8ecb2a67f82352fb7a7,0.16783216783216784,309000,106,161146000,/nfs3_ib/nfs-ip34/home/def-ilafores/analysis/MethodsComparison/Feces_RA/preproc/SRR5091454/SRR5091454_unmatched_2.fastq,SRR5091454,57d90ad0a44cdb8421c3143993d6aa13,302557000,31,DNA,1000,302557,true,0.8181210175518719,0.9440521254046935,0.8810865714782827,0.9440521254046935,577,2167321,3114360
429000,0.0014179146408775866,0.05103562551781276,0.0010179899985787802,0.00011976778535557867,1.2110389610389611,1.0,0.6326671729501936,signatures/420d475a10a0d7f2dd3f44da9d2fe498.sig.gz,"GCF_003434055.1 Enterocloster aldensis strain=AF19-9LB, ASM343405v1",420d475a10a0d7f2dd3f44da9d2fe498,0.07108533554266777,308000,107,160838000,/nfs3_ib/nfs-ip34/home/def-ilafores/analysis/MethodsComparison/Feces_RA/preproc/SRR5091454/SRR5091454_unmatched_2.fastq,SRR5091454,57d90ad0a44cdb8421c3143993d6aa13,302557000,31,DNA,1000,302557,true,0.8093152887969699,0.9182493841254753,0.8637823364612226,0.9182493841254753,373,2167694,3114360
501000,0.0016558863288570417,0.07917737789203085,0.0010179899985787802,0.000563839761620365,5.701298701298701,1.0,21.759646277124613,signatures/0af939165079e9d7e74d2ed29256e457.sig.gz,"GCF_003437535.1 Bacteroides plebeius strain=TF10-3AC, ASM343753v1",0af939165079e9d7e74d2ed29256e457,0.12879177377892032,308000,108,160530000,/nfs3_ib/nfs-ip34/home/def-ilafores/analysis/MethodsComparison/Feces_RA/preproc/SRR5091454/SRR5091454_unmatched_2.fastq,SRR5091454,57d90ad0a44cdb8421c3143993d6aa13,302557000,31,DNA,1000,302557,true,0.8133759127858656,0.936023416661235,0.8746996647235503,0.936023416661235,1756,2169450,3114360
334000,0.001103924219238028,0.09341692789968652,0.0009849383752483004,0.0001152724797390154,1.2046979865771812,1.0,0.6668402473601166,signatures/61ab0a53089d9927d1849dbe2fcc9041.sig.gz,"GCF_001280875.1 Sellimonas intestinalis strain=BR72, ASM128087v1",61ab0a53089d9927d1849dbe2fcc9041,0.10470219435736677,298000,109,160232000,/nfs3_ib/nfs-ip34/home/def-ilafores/analysis/MethodsComparison/Feces_RA/preproc/SRR5091454/SRR5091454_unmatched_2.fastq,SRR5091454,57d90ad0a44cdb8421c3143993d6aa13,302557000,31,DNA,1000,302557,true,0.8028066179059912,0.9297917115805809,0.866299164743286,0.9297917115805809,359,2169809,3114360
2169000,0.007168897100381085,0.05219683655536028,0.0009816332129152523,0.002018071128578584,21.161616161616163,20.0,11.037164403116515,signatures/a94161bf1ccd67b3c66d45adbcfe7953.sig.gz,"GCA_019117555.1 Candidatus Bacteroides intestinigallinarum, ASM1911755v1",a94161bf1ccd67b3c66d45adbcfe7953,0.381195079086116,297000,110,159935000,/nfs3_ib/nfs-ip34/home/def-ilafores/analysis/MethodsComparison/Feces_RA/preproc/SRR5091454/SRR5091454_unmatched_2.fastq,SRR5091454,57d90ad0a44cdb8421c3143993d6aa13,302557000,31,DNA,1000,302557,true,0.8527486556972762,0.9693678729403523,0.9110582643188143,0.9693678729403523,6285,2176094,3114360
1492000,0.004931302200907597,0.10633484162895927,0.0009320557779195325,0.0007966323739066775,8.797872340425531,9.0,6.728124184907178,signatures/a202d6e19a5a61416204946db31cfb35.sig.gz,"GCA_019411365.1 Roseburia sp., ASM1941136v1",a202d6e19a5a61416204946db31cfb35,0.5625942684766214,282000,111,159653000,/nfs3_ib/nfs-ip34/home/def-ilafores/analysis/MethodsComparison/Feces_RA/preproc/SRR5091454/SRR5091454_unmatched_2.fastq,SRR5091454,57d90ad0a44cdb8421c3143993d6aa13,302557000,31,DNA,1000,302557,true,0.8425184246364763,0.9816163511415549,0.9120673878890155,0.9816163511415549,2481,2178575,3114360
949000,0.0031365990540625404,0.059715204409738175,0.0008593422065924768,0.0020620609049692394,24.7,23.0,18.685926419469972,signatures/aa21d6a4e240d950eb3b686e2a4fae57.sig.gz,"GCF_004793475.1 Bacteroides sp. NM69_E16B strain=NM69_E16B, ASM479347v1",aa21d6a4e240d950eb3b686e2a4fae57,0.21796049609554433,260000,112,159393000,/nfs3_ib/nfs-ip34/home/def-ilafores/analysis/MethodsComparison/Feces_RA/preproc/SRR5091454/SRR5091454_unmatched_2.fastq,SRR5091454,57d90ad0a44cdb8421c3143993d6aa13,302557000,31,DNA,1000,302557,true,0.8303106589588027,0.9520447182323807,0.8911776885955918,0.9520447182323807,6422,2184997,3114360
260000,0.0008593422065924768,0.1138353765323993,0.0008593422065924768,0.00011302482693073376,1.353846153846154,1.0,0.9989343434306414,signatures/9c3e18fe8819a5356cca94ed98c26da2.sig.gz,"GCF_002094975.1 Streptococcus salivarius strain=ATCC 25975, ASM209497v1",9c3e18fe8819a5356cca94ed98c26da2,0.1138353765323993,260000,113,159133000,/nfs3_ib/nfs-ip34/home/def-ilafores/analysis/MethodsComparison/Feces_RA/preproc/SRR5091454/SRR5091454_unmatched_2.fastq,SRR5091454,57d90ad0a44cdb8421c3143993d6aa13,302557000,31,DNA,1000,302557,true,0.7963466063328278,0.9323035342749126,0.8643250703038703,0.9323035342749126,352,2185349,3114360
2117000,0.00699702865906259,0.0835282325425994,0.0008262905832619969,0.005241205255654452,65.292,69.5,29.7101789964315,signatures/2bdcf0afcec6237c34322e5ef95e16d9.sig.gz,GCA_958432865.1 Bacteroides stercoris SRR17798025_bin.17_MetaWRAP_v1.3_MAG,2bdcf0afcec6237c34322e5ef95e16d9,0.7073170731707317,250000,114,158883000,/nfs3_ib/nfs-ip34/home/def-ilafores/analysis/MethodsComparison/Feces_RA/preproc/SRR5091454/SRR5091454_unmatched_2.fastq,SRR5091454,57d90ad0a44cdb8421c3143993d6aa13,302557000,31,DNA,1000,302557,true,0.8520814006542257,0.9888919538693879,0.9204866772618068,0.9888919538693879,16323,2201672,3114360
1505000,0.004974269311237222,0.06982613572630399,0.000822985420928949,0.00034035885382550506,4.257028112449799,3.0,3.2434984092699364,signatures/c904d12975db86fd08a8995198b6cca6.sig.gz,"GCF_013300825.1 Blautia wexlerae strain=MSK.20.46, ASM1330082v1",c904d12975db86fd08a8995198b6cca6,0.42204150308468874,249000,115,158634000,/nfs3_ib/nfs-ip34/home/def-ilafores/analysis/MethodsComparison/Feces_RA/preproc/SRR5091454/SRR5091454_unmatched_2.fastq,SRR5091454,57d90ad0a44cdb8421c3143993d6aa13,302557000,31,DNA,1000,302557,true,0.8427542376739712,0.972556145831807,0.9076551917528891,0.972556145831807,1060,2202732,3114360
2504000,0.00827612648195216,0.052409129332206254,0.0008196802585959009,0.0016407865500455952,20.60483870967742,9.0,24.96750098866818,signatures/74682f4f7d98823d43fc073dc9b6e96e.sig.gz,GCA_959606905.1 uncultured Bacteroides sp. SRR16244388_bin.36_MetaWRAP_v1.3_MAG,74682f4f7d98823d43fc073dc9b6e96e,0.5291631445477599,248000,116,158386000,/nfs3_ib/nfs-ip34/home/def-ilafores/analysis/MethodsComparison/Feces_RA/preproc/SRR5091454/SRR5091454_unmatched_2.fastq,SRR5091454,57d90ad0a44cdb8421c3143993d6aa13,302557000,31,DNA,1000,302557,true,0.8567086124799462,0.9796784052070562,0.9181935088435011,0.9796784052070562,5110,2207842,3114360
249000,0.000822985420928949,0.14700652045050386,0.0008196802585959009,0.00011270373367240781,1.4153225806451613,1.0,0.7987434037123471,signatures/fecf977f8ff704d4c986731c39790d4f.sig.gz,"GCF_900103425.1 Allisonella histaminiformans strain=DSM 15230, IMG-taxon 2595698240 annotated assembly",fecf977f8ff704d4c986731c39790d4f,0.14759928867812686,248000,117,158138000,/nfs3_ib/nfs-ip34/home/def-ilafores/analysis/MethodsComparison/Feces_RA/preproc/SRR5091454/SRR5091454_unmatched_2.fastq,SRR5091454,57d90ad0a44cdb8421c3143993d6aa13,302557000,31,DNA,1000,302557,true,0.7952368945662687,0.9401480868063711,0.8676924906863199,0.9401480868063711,351,2208193,3114360
423000,0.0013980836668792988,0.059726962457337884,0.000809764771596757,0.00010114437637267367,1.2857142857142858,1.0,0.766651877999928,signatures/d032ebaee27bc1c409ba1a161bba51c6.sig.gz,"GCF_024622975.1 Blautia caecimuris strain=DSM 29492, ASM2462297v1",d032ebaee27bc1c409ba1a161bba51c6,0.10312042905899561,245000,118,157893000,/nfs3_ib/nfs-ip34/home/def-ilafores/analysis/MethodsComparison/Feces_RA/preproc/SRR5091454/SRR5091454_unmatched_2.fastq,SRR5091454,57d90ad0a44cdb8421c3143993d6aa13,302557000,31,DNA,1000,302557,true,0.8089476627914652,0.9293352492392777,0.8691414560153714,0.9293352492392777,315,2208508,3114360
998000,0.0032985520083818917,0.0732810615199035,0.000803154446930661,0.00029893782350145777,3.831275720164609,3.0,4.193902248266086,signatures/2023c0f479da06b35c0c857a2d652a0d.sig.gz,"GCF_003480435.1 Clostridium sp. AM30-24 strain=AM30-24, ASM348043v1",2023c0f479da06b35c0c857a2d652a0d,0.30096501809408926,243000,119,157650000,/nfs3_ib/nfs-ip34/home/def-ilafores/analysis/MethodsComparison/Feces_RA/preproc/SRR5091454/SRR5091454_unmatched_2.fastq,SRR5091454,57d90ad0a44cdb8421c3143993d6aa13,302557000,31,DNA,1000,302557,true,0.8316601917982683,0.9620063441895235,0.896833267993896,0.9620063441895235,931,2209439,3114360
213000,0.0007039995769392214,0.09472743521000894,0.0007006944146061734,0.00008348424716474653,1.2264150943396226,1.0,0.509957801952437,signatures/d6ec1bf8f193a3a0129b996a97606afd.sig.gz,"GCF_003269275.1 Phascolarctobacterium faecium DSM 14760 strain=DSM 14760, ASM326927v1",d6ec1bf8f193a3a0129b996a97606afd,0.09517426273458444,212000,120,157438000,/nfs3_ib/nfs-ip34/home/def-ilafores/analysis/MethodsComparison/Feces_RA/preproc/SRR5091454/SRR5091454_unmatched_2.fastq,SRR5091454,57d90ad0a44cdb8421c3143993d6aa13,302557000,31,DNA,1000,302557,true,0.7912410070734827,0.9269344362887318,0.8590877216811073,0.9269344362887318,260,2209699,3114360
600000,0.0019830973998287925,0.058345021037868164,0.0006874737652739814,0.00009151157862289523,1.3701923076923077,1.0,1.617950971949748,signatures/d504d8a2fd1c1b7711a932c9d66e1250.sig.gz,GCF_026015465.1 Segatella copri strain=N016-9 ASM2601546v1,d504d8a2fd1c1b7711a932c9d66e1250,0.16830294530154277,208000,121,157230000,/nfs3_ib/nfs-ip34/home/def-ilafores/analysis/MethodsComparison/Feces_RA/preproc/SRR5091454/SRR5091454_unmatched_2.fastq,SRR5091454,57d90ad0a44cdb8421c3143993d6aa13,302557000,31,DNA,1000,302557,true,0.8181210175518719,0.94413743266011,0.881129225105991,0.94413743266011,285,2209984,3114360
1258000,0.004157894214974369,0.045134302069572876,0.0006775582782748375,0.00023279261228631245,3.5365853658536586,2.0,3.0691029989758296,signatures/38d496bbf253b84b1d5c7263cc0903fc.sig.gz,"GCF_002965065.1 Escherichia sp. MOD1-EC7003 strain=MOD1-EC7003, ASM296506v1",38d496bbf253b84b1d5c7263cc0903fc,0.2769704975781594,205000,122,157025000,/nfs3_ib/nfs-ip34/home/def-ilafores/analysis/MethodsComparison/Feces_RA/preproc/SRR5091454/SRR5091454_unmatched_2.fastq,SRR5091454,57d90ad0a44cdb8421c3143993d6aa13,302557000,31,DNA,1000,302557,true,0.8378947430604262,0.9594315246048759,0.8986631338326511,0.9594315246048759,725,2210709,3114360
972000,0.003212617787722644,0.05624483043837883,0.0006742531159417895,0.00018238097072913856,2.784313725490196,2.0,1.6927032040113925,signatures/30261a1b36bb7ea826d90dbce7b10368.sig.gz,"GCA_934292725.1 uncultured Lachnospiraceae bacterium, ERR7738588_bin.131",30261a1b36bb7ea826d90dbce7b10368,0.2679900744416873,204000,123,156821000,/nfs3_ib/nfs-ip34/home/def-ilafores/analysis/MethodsComparison/Feces_RA/preproc/SRR5091454/SRR5091454_unmatched_2.fastq,SRR5091454,57d90ad0a44cdb8421c3143993d6aa13,302557000,31,DNA,1000,302557,true,0.8309523085075589,0.9584119419061824,0.8946821252068706,0.9584119419061824,568,2211277,3114360
551000,0.0018211444455094412,0.034925429488389656,0.0006114550316138778,0.002862867491234154,48.1945945945946,19.0,62.54524825188318,signatures/e98f7803904fe26755ff11a8c31dc48a.sig.gz,"GCF_003865075.1 Bacteroides sp. KCTC 15687 strain=KCTC 15687, ASM386507v1",e98f7803904fe26755ff11a8c31dc48a,0.10402114404379838,185000,124,156636000,/nfs3_ib/nfs-ip34/home/def-ilafores/analysis/MethodsComparison/Feces_RA/preproc/SRR5091454/SRR5091454_unmatched_2.fastq,SRR5091454,57d90ad0a44cdb8421c3143993d6aa13,302557000,31,DNA,1000,302557,true,0.8158757270114794,0.929595999340894,0.8727358631761867,0.929595999340894,8916,2220193,3114360
1096000,0.0036224579170205944,0.03749484960857025,0.0006015395446147337,0.00041164155717386556,7.043956043956044,1.0,13.690786255937253,signatures/20f6f4671cb02947dd549a7f52b244a0.sig.gz,GCA_947646015.1 uncultured Bacteroides sp. SRR17794261_bin.38_metawrap_v1.3_MAG,20f6f4671cb02947dd549a7f52b244a0,0.2257931602801813,182000,125,156454000,/nfs3_ib/nfs-ip34/home/def-ilafores/analysis/MethodsComparison/Feces_RA/preproc/SRR5091454/SRR5091454_unmatched_2.fastq,SRR5091454,57d90ad0a44cdb8421c3143993d6aa13,302557000,31,DNA,1000,302557,true,0.834176925616575,0.9531296080937575,0.8936532668551662,0.9531296080937575,1282,2221475,3114360
786000,0.002597857593775718,0.04710808688824915,0.0005949292199486378,0.0002180223224033188,3.772222222222222,2.0,6.407314011308184,signatures/ba44e405458705e9ab11b89381454753.sig.gz,"GCF_014287515.2 Roseburia sp. NSJ-69 strain=NSJ-69, ASM1428751v2",ba44e405458705e9ab11b89381454753,0.2057053127453546,180000,126,156274000,/nfs3_ib/nfs-ip34/home/def-ilafores/analysis/MethodsComparison/Feces_RA/preproc/SRR5091454/SRR5091454_unmatched_2.fastq,SRR5091454,57d90ad0a44cdb8421c3143993d6aa13,302557000,31,DNA,1000,302557,true,0.8252784311425775,0.9502691477144253,0.8877737894285014,0.9502691477144253,679,2222154,3114360
495000,0.001636055354858754,0.03991926440906033,0.0005883188952825418,0.0001599044426463222,2.797752808988764,2.0,1.8401256386081075,signatures/f7347599a07be833b3456df66322e0b2.sig.gz,"GCA_019415335.1 Citrobacter sp., ASM1941533v1",f7347599a07be833b3456df66322e0b2,0.11101143754204978,178000,127,156096000,/nfs3_ib/nfs-ip34/home/def-ilafores/analysis/MethodsComparison/Feces_RA/preproc/SRR5091454/SRR5091454_unmatched_2.fastq,SRR5091454,57d90ad0a44cdb8421c3143993d6aa13,302557000,31,DNA,1000,302557,true,0.8130598507147883,0.931548370598178,0.8723041106564831,0.931548370598178,498,2222652,3114360
1237000,0.004088485805980361,0.06412157153446998,0.0005717930836173019,0.0029829563698480586,53.69942196531792,61.0,39.54644375337318,signatures/eeb695a1e6e0e337d3fe9bb8e8223271.sig.gz,GCA_948956705.1 uncultured Phocaeicola sp. MGBC101826,eeb695a1e6e0e337d3fe9bb8e8223271,0.4584877687175686,173000,128,155923000,/nfs3_ib/nfs-ip34/home/def-ilafores/analysis/MethodsComparison/Feces_RA/preproc/SRR5091454/SRR5091454_unmatched_2.fastq,SRR5091454,57d90ad0a44cdb8421c3143993d6aa13,302557000,31,DNA,1000,302557,true,0.8374398609522595,0.9751582265005976,0.9062990437264286,0.9751582265005976,9290,2231942,3114360
630000,0.0020822522698202323,0.052500776638707676,0.00055857243428511,0.00013903338085513556,2.562130177514793,2.0,1.4828359865256417,signatures/530dbc306b54ca183856aaf81e7b3c04.sig.gz,GCF_934309345.1 uncultured Mediterraneibacter sp. ERR7738595_bin.190,530dbc306b54ca183856aaf81e7b3c04,0.195712954333644,169000,129,155754000,/nfs3_ib/nfs-ip34/home/def-ilafores/analysis/MethodsComparison/Feces_RA/preproc/SRR5091454/SRR5091454_unmatched_2.fastq,SRR5091454,57d90ad0a44cdb8421c3143993d6aa13,302557000,31,DNA,1000,302557,true,0.8194096526121537,0.9487439478061888,0.8840768002091712,0.9487439478061888,433,2232375,3114360
671000,0.0022177639254751997,0.06747474747474748,0.000551962109619014,0.00017692238533759745,3.2994011976047903,2.0,4.288286468863814,signatures/363d223ee3759cea7ec9a3f62c7a0463.sig.gz,"GCA_934514285.1 uncultured Faecalibacterium sp., ERR7738148_bin.55",363d223ee3759cea7ec9a3f62c7a0463,0.27111111111111114,167000,130,155587000,/nfs3_ib/nfs-ip34/home/def-ilafores/analysis/MethodsComparison/Feces_RA/preproc/SRR5091454/SRR5091454_unmatched_2.fastq,SRR5091454,57d90ad0a44cdb8421c3143993d6aa13,302557000,31,DNA,1000,302557,true,0.8210779039879287,0.9587699848043012,0.8899239443961149,0.9587699848043012,551,2232926,3114360
219000,0.0007238305509375093,0.04304123711340206,0.000551962109619014,0.00006453974492351559,1.2035928143712575,1.0,0.5742886477776924,signatures/d5aef74860ab7c1cca263aa607c62d70.sig.gz,"GCF_014337215.1 Wansuia hejianensis strain=NSJ-29, ASM1433721v1",d5aef74860ab7c1cca263aa607c62d70,0.056443298969072166,167000,131,155420000,/nfs3_ib/nfs-ip34/home/def-ilafores/analysis/MethodsComparison/Feces_RA/preproc/SRR5091454/SRR5091454_unmatched_2.fastq,SRR5091454,57d90ad0a44cdb8421c3143993d6aa13,302557000,31,DNA,1000,302557,true,0.7919503677726473,0.9114428280427574,0.8516965979077024,0.9114428280427574,201,2233127,3114360
932000,0.0030804112944007246,0.07994186046511628,0.000545351784952918,0.00017692238533759745,3.3393939393939394,3.0,1.9709925808847346,signatures/1eec876ad36c7c0dc8f80b0f76f15058.sig.gz,"GCA_019423795.1 Clostridiales bacterium, ASM1942379v1",1eec876ad36c7c0dc8f80b0f76f15058,0.45155038759689925,165000,132,155255000,/nfs3_ib/nfs-ip34/home/def-ilafores/analysis/MethodsComparison/Feces_RA/preproc/SRR5091454/SRR5091454_unmatched_2.fastq,SRR5091454,57d90ad0a44cdb8421c3143993d6aa13,302557000,31,DNA,1000,302557,true,0.8298266490484563,0.9746787349471514,0.9022526919978038,0.9746787349471514,551,2233678,3114360
611000,0.0020194541854923202,0.03682655148897477,0.000535436297953774,0.00020999499094517013,4.037037037037037,2.0,5.270332630457522,signatures/6bae471e5a4f273d83204d975d3e2077.sig.gz,"GCA_019417795.1 Clostridiales bacterium, ASM1941779v1",6bae471e5a4f273d83204d975d3e2077,0.13889520345533077,162000,133,155093000,/nfs3_ib/nfs-ip34/home/def-ilafores/analysis/MethodsComparison/Feces_RA/preproc/SRR5091454/SRR5091454_unmatched_2.fastq,SRR5091454,57d90ad0a44cdb8421c3143993d6aa13,302557000,31,DNA,1000,302557,true,0.8186006113982037,0.9383065542025447,0.8784535828003742,0.9383065542025447,654,2234332,3114360
218000,0.0007205253886044613,0.026103770544634225,0.000535436297953774,0.00006903505054007886,1.3271604938271604,1.0,1.5389199632385295,signatures/12339c0d1522bf08ef0abca2a6195e89.sig.gz,"GCF_014287615.1 Blautia sp. NSJ-34 strain=NSJ-34, ASM1428761v1",12339c0d1522bf08ef0abca2a6195e89,0.03512729616500161,162000,134,154931000,/nfs3_ib/nfs-ip34/home/def-ilafores/analysis/MethodsComparison/Feces_RA/preproc/SRR5091454/SRR5091454_unmatched_2.fastq,SRR5091454,57d90ad0a44cdb8421c3143993d6aa13,302557000,31,DNA,1000,302557,true,0.7918334572694626,0.8976051044168649,0.8447192808431638,0.8976051044168649,215,2234547,3114360
331000,0.001094008732238884,0.04499437570303712,0.000528825973287678,0.00013518026175522417,2.63125,2.0,1.6793669752320366,signatures/4c5b9c5fc61302d55e1ab631a887b803.sig.gz,"GCA_018374635.1 Clostridiales bacterium, ASM1837463v1",4c5b9c5fc61302d55e1ab631a887b803,0.09308211473565804,160000,135,154771000,/nfs3_ib/nfs-ip34/home/def-ilafores/analysis/MethodsComparison/Feces_RA/preproc/SRR5091454/SRR5091454_unmatched_2.fastq,SRR5091454,57d90ad0a44cdb8421c3143993d6aa13,302557000,31,DNA,1000,302557,true,0.802572993289349,0.9262700476214794,0.8644215204554142,0.9262700476214794,421,2234968,3114360
1625000,0.00537088879120298,0.04842169782408826,0.000522215648621582,0.003804955111162486,75.0,69.5,56.153383973235044,signatures/13b91a3b95e974816cbdb5352e0e95f7.sig.gz,GCA_948579315.1 uncultured Phocaeicola sp. MGBC144851,13b91a3b95e974816cbdb5352e0e95f7,0.49800796812749004,158000,136,154613000,/nfs3_ib/nfs-ip34/home/def-ilafores/analysis/MethodsComparison/Feces_RA/preproc/SRR5091454/SRR5091454_unmatched_2.fastq,SRR5091454,57d90ad0a44cdb8421c3143993d6aa13,302557000,31,DNA,1000,302557,true,0.8448423629652284,0.9777626169646427,0.9113024899649356,0.9777626169646427,11850,2246818,3114360
379000,0.0012526565242251873,0.055477031802120144,0.0005189104862885341,0.00014513415276332857,2.878980891719745,2.0,1.8141352925037002,signatures/62f2edc0f5d9a87973abf66efac5aacb.sig.gz,GCA_958446555.1 uncultured Lachnospiraceae bacterium ERR9607163_bin.11_MetaWRAP_v1.3_MAG,62f2edc0f5d9a87973abf66efac5aacb,0.13392226148409894,157000,137,154456000,/nfs3_ib/nfs-ip34/home/def-ilafores/analysis/MethodsComparison/Feces_RA/preproc/SRR5091454/SRR5091454_unmatched_2.fastq,SRR5091454,57d90ad0a44cdb8421c3143993d6aa13,302557000,31,DNA,1000,302557,true,0.806086555198775,0.937203626585511,0.871645090892143,0.937203626585511,452,2247270,3114360
1111000,0.0036720353520163142,0.06200631911532385,0.0005189104862885341,0.0001871973696040278,3.713375796178344,3.0,2.8059331030020047,signatures/5de087f5a9a17c161f71764fddd2d36f.sig.gz,GCA_958454115.1 Blautia wexlerae SRR18940294_bin.27_MetaWRAP_v1.3_MAG,5de087f5a9a17c161f71764fddd2d36f,0.43878357030015797,157000,138,154299000,/nfs3_ib/nfs-ip34/home/def-ilafores/analysis/MethodsComparison/Feces_RA/preproc/SRR5091454/SRR5091454_unmatched_2.fastq,SRR5091454,57d90ad0a44cdb8421c3143993d6aa13,302557000,31,DNA,1000,302557,true,0.8345427876205433,0.9737773954936976,0.9041600915571204,0.9737773954936976,583,2247853,3114360
848000,0.0028027776584246935,0.046296296296296294,0.0005123001616224381,0.00011109826738077807,2.232258064516129,2.0,2.271334281270301,signatures/5690dda55028fe4b6db542ea10f1886c.sig.gz,"GCF_013300725.1 Coprococcus comes strain=MSK.16.63, ASM1330072v1",5690dda55028fe4b6db542ea10f1886c,0.2532855436081243,155000,139,154144000,/nfs3_ib/nfs-ip34/home/def-ilafores/analysis/MethodsComparison/Feces_RA/preproc/SRR5091454/SRR5091454_unmatched_2.fastq,SRR5091454,57d90ad0a44cdb8421c3143993d6aa13,302557000,31,DNA,1000,302557,true,0.8273021441429678,0.9566688339813002,0.8919854890621339,0.9566688339813002,346,2248199,3114360
353000,0.0011667223035659396,0.04180509413067553,0.0004990795122902462,0.0013444174726107451,27.728476821192054,1.0,39.409202168538265,signatures/9415667d246ab94c4a69e48468fb50b3.sig.gz,"GCF_900129655.1 Bacteroides clarus YIT 12056 strain=YIT 12056, IMG-taxon 2695420967 annotated assembly",9415667d246ab94c4a69e48468fb50b3,0.0977297895902547,151000,140,153993000,/nfs3_ib/nfs-ip34/home/def-ilafores/analysis/MethodsComparison/Feces_RA/preproc/SRR5091454/SRR5091454_unmatched_2.fastq,SRR5091454,57d90ad0a44cdb8421c3143993d6aa13,302557000,31,DNA,1000,302557,true,0.8042407015547611,0.9277270606976186,0.8659838811261898,0.9277270606976186,4187,2252386,3114360
189000,0.0006246756809460697,0.05822586948026573,0.0004924691876241502,0.00011752013254729703,2.4563758389261743,2.0,1.3435564418499049,signatures/3720e0bde63dfe3f9010026ab744402c.sig.gz,"GCA_900549685.1 uncultured Alistipes sp., UMGS1210",3720e0bde63dfe3f9010026ab744402c,0.0738569753810082,149000,141,153844000,/nfs3_ib/nfs-ip34/home/def-ilafores/analysis/MethodsComparison/Feces_RA/preproc/SRR5091454/SRR5091454_unmatched_2.fastq,SRR5091454,57d90ad0a44cdb8421c3143993d6aa13,302557000,31,DNA,1000,302557,true,0.7881956239121057,0.9193830666707666,0.8537893452914362,0.9193830666707666,366,2252752,3114360
1282000,0.00423721811096752,0.049714477662075915,0.0004891640252911022,0.0005484272852207195,11.54054054054054,5.0,23.984053930706942,signatures/78f6a266a0fffd08c8145495b700d709.sig.gz,"GCA_900556625.1 uncultured Bacteroides sp., UMGS1954",78f6a266a0fffd08c8145495b700d709,0.43063486731609,148000,142,153696000,/nfs3_ib/nfs-ip34/home/def-ilafores/analysis/MethodsComparison/Feces_RA/preproc/SRR5091454/SRR5091454_unmatched_2.fastq,SRR5091454,57d90ad0a44cdb8421c3143993d6aa13,302557000,31,DNA,1000,302557,true,0.8384056956465368,0.9731887293645076,0.9057972125055223,0.9731887293645076,1708,2254460,3114360
639000,0.002111998730817664,0.044331855604813175,0.00046272272662671826,0.0005843897301532257,13.0,13.0,7.466113925119087,signatures/9395a6c49ddeded3ae11fb356cafc064.sig.gz,"GCA_900542495.1 uncultured Roseburia sp., UMGS472",9395a6c49ddeded3ae11fb356cafc064,0.20234325522482585,140000,143,153556000,/nfs3_ib/nfs-ip34/home/def-ilafores/analysis/MethodsComparison/Feces_RA/preproc/SRR5091454/SRR5091454_unmatched_2.fastq,SRR5091454,57d90ad0a44cdb8421c3143993d6aa13,302557000,31,DNA,1000,302557,true,0.8197846747542328,0.9497641346495176,0.8847744047018752,0.9497641346495176,1820,2256280,3114360
533000,0.0017616515235145773,0.026850937808489635,0.0004495020772945263,0.0012612543187043245,28.88235294117647,24.0,32.783617416847946,signatures/894ebfeac80d6a527fbc03d1d52101ee.sig.gz,"GCA_900762515.1 uncultured Odoribacter sp., SRS144506_36",894ebfeac80d6a527fbc03d1d52101ee,0.1052319842053307,136000,144,153420000,/nfs3_ib/nfs-ip34/home/def-ilafores/analysis/MethodsComparison/Feces_RA/preproc/SRR5091454/SRR5091454_unmatched_2.fastq,SRR5091454,57d90ad0a44cdb8421c3143993d6aa13,302557000,31,DNA,1000,302557,true,0.8150020662561059,0.9299431063012248,0.8724725862786653,0.9299431063012248,3928,2260208,3114360
1039000,0.003434063664036859,0.026977687626774847,0.00043958659029538235,0.00014160212692174314,3.3157894736842106,3.0,2.397895132915663,signatures/508fc5149090b0f21b10913fa9e34604.sig.gz,"GCF_005843885.1 Escherichia sp. E4742 strain=E4742, ASM584388v1",508fc5149090b0f21b10913fa9e34604,0.21075050709939147,133000,145,153287000,/nfs3_ib/nfs-ip34/home/def-ilafores/analysis/MethodsComparison/Feces_RA/preproc/SRR5091454/SRR5091454_unmatched_2.fastq,SRR5091454,57d90ad0a44cdb8421c3143993d6aa13,302557000,31,DNA,1000,302557,true,0.8327409978009783,0.9510121923154184,0.8918765950581984,0.9510121923154184,441,2260649,3114360
200000,0.0006610324666095975,0.02776572668112798,0.0004230607786301424,0.00006710849099012317,1.6328125,1.0,3.782920279340254,signatures/73636d352ef5bf1c92887ac5c9e713c2.sig.gz,"GCF_012317185.1 [Clostridium] innocuum strain=ATCC 14501, ASM1231718v1",73636d352ef5bf1c92887ac5c9e713c2,0.04338394793926247,128000,146,153159000,/nfs3_ib/nfs-ip34/home/def-ilafores/analysis/MethodsComparison/Feces_RA/preproc/SRR5091454/SRR5091454_unmatched_2.fastq,SRR5091454,57d90ad0a44cdb8421c3143993d6aa13,302557000,31,DNA,1000,302557,true,0.7896352759092404,0.9037386857429937,0.846686980826117,0.9037386857429937,209,2260858,3114360
1194000,0.0039463638256592975,0.02258580828739107,0.0004197556162970944,0.000793742534581744,19.46456692913386,19.0,13.39866915214605,signatures/b4482d10cb2488078dd11fc3de09368a.sig.gz,"GCF_009193295.2 Bacteroides sp. HF-5141 strain=HF-5141, ASM919329v2",b4482d10cb2488078dd11fc3de09368a,0.21234216610350345,127000,147,153032000,/nfs3_ib/nfs-ip34/home/def-ilafores/analysis/MethodsComparison/Feces_RA/preproc/SRR5091454/SRR5091454_unmatched_2.fastq,SRR5091454,57d90ad0a44cdb8421c3143993d6aa13,302557000,31,DNA,1000,302557,true,0.8364846420201751,0.9512430390128309,0.893863840516503,0.9512430390128309,2472,2263330,3114360
703000,0.0023235291201327353,0.03644778709864044,0.00041645045396404643,0.00011784122580562299,2.9126984126984126,2.0,3.587942420637072,signatures/4d1fd4a988e75787682a232c846bb78e.sig.gz,GCF_025567265.1 Dorea amylophila strain=H5_25 ASM2556726v1,4d1fd4a988e75787682a232c846bb78e,0.20335551055828754,126000,148,152906000,/nfs3_ib/nfs-ip34/home/def-ilafores/analysis/MethodsComparison/Feces_RA/preproc/SRR5091454/SRR5091454_unmatched_2.fastq,SRR5091454,57d90ad0a44cdb8421c3143993d6aa13,302557000,31,DNA,1000,302557,true,0.8223127728193187,0.9499170342361696,0.8861149035277441,0.9499170342361696,367,2263697,3114360
143000,0.0004726382136258622,0.046875,0.00041645045396404643,0.00007353035615664214,1.8174603174603174,1.0,3.262097858572224,signatures/f34ce0e5a126f73cd76bde1b86af6b11.sig.gz,GCF_014297275.1 Clostridium facile strain=NSJ-27 ASM1429727v1,f34ce0e5a126f73cd76bde1b86af6b11,0.05319940476190476,126000,149,152780000,/nfs3_ib/nfs-ip34/home/def-ilafores/analysis/MethodsComparison/Feces_RA/preproc/SRR5091454/SRR5091454_unmatched_2.fastq,SRR5091454,57d90ad0a44cdb8421c3143993d6aa13,302557000,31,DNA,1000,302557,true,0.7811361493670989,0.9097042391354215,0.8454201942512602,0.9097042391354215,229,2263926,3114360
495000,0.001636055354858754,0.03969754253308128,0.00041645045396404643,0.00026490193811890727,6.5476190476190474,3.0,6.797066527457621,signatures/463a8ff2f26f37a3c67c2a86a64398f8.sig.gz,"GCF_023347235.1 Faecalibacterium sp. I4179 strain=I4179, ASM2334723v1",463a8ff2f26f37a3c67c2a86a64398f8,0.15595463137996218,126000,150,152654000,/nfs3_ib/nfs-ip34/home/def-ilafores/analysis/MethodsComparison/Feces_RA/preproc/SRR5091454/SRR5091454_unmatched_2.fastq,SRR5091454,57d90ad0a44cdb8421c3143993d6aa13,302557000,31,DNA,1000,302557,true,0.8130598507147883,0.9418195178781602,0.8774396842964742,0.9418195178781602,825,2264751,3114360
535000,0.0017682618481806734,0.05173876166242578,0.0004032298046318545,0.00007160379660668644,1.8278688524590163,1.5,1.053430173453042,signatures/a50e5b153863d50c50a3b724804b029a.sig.gz,"GCA_900764695.1 Lachnospiraceae bacterium, ERS537209_30",a50e5b153863d50c50a3b724804b029a,0.2268871925360475,122000,151,152532000,/nfs3_ib/nfs-ip34/home/def-ilafores/analysis/MethodsComparison/Feces_RA/preproc/SRR5091454/SRR5091454_unmatched_2.fastq,SRR5091454,57d90ad0a44cdb8421c3143993d6aa13,302557000,31,DNA,1000,302557,true,0.8151005381969049,0.9532782336344527,0.8841893859156789,0.9532782336344527,223,2264974,3114360
786000,0.002597857593775718,0.027739251040221916,0.0003966194799657585,0.00011302482693073376,2.933333333333333,2.0,3.208668813629035,signatures/9f8ee440e15d203543396b77b2bae2e7.sig.gz,GCA_003477525.1 Ruminococcus sp. AF41-9 strain=AF41-9 ASM347752v1,9f8ee440e15d203543396b77b2bae2e7,0.18169209431345354,120000,152,152412000,/nfs3_ib/nfs-ip34/home/def-ilafores/analysis/MethodsComparison/Feces_RA/preproc/SRR5091454/SRR5091454_unmatched_2.fastq,SRR5091454,57d90ad0a44cdb8421c3143993d6aa13,302557000,31,DNA,1000,302557,true,0.8252784311425775,0.9464716586796584,0.8858750449111179,0.9464716586796584,352,2265326,3114360
151000,0.0004990795122902462,0.017693895606015926,0.0003966194799657585,0.00004912726852387007,1.275,1.0,0.5768087493557403,signatures/66f33a40a2f3109dbb0d8031941a2a01.sig.gz,"GCF_003201875.1 Hungatella effluvii strain=DSM 24995, ASM320187v1",66f33a40a2f3109dbb0d8031941a2a01,0.022264818637570037,120000,153,152292000,/nfs3_ib/nfs-ip34/home/def-ilafores/analysis/MethodsComparison/Feces_RA/preproc/SRR5091454/SRR5091454_unmatched_2.fastq,SRR5091454,57d90ad0a44cdb8421c3143993d6aa13,302557000,31,DNA,1000,302557,true,0.7825090094530328,0.8844990938439253,0.8335040516484791,0.8844990938439253,153,2265479,3114360
1681000,0.0055559778818536675,0.01892744479495268,0.0003966194799657585,0.0006858551997842254,17.8,18.0,13.961614042318555,signatures/8182caaf670814ebbeb9046e1a4982b9.sig.gz,"GCA_902362375.1 Bacteroidaceae bacterium, MGYG-HGUT-00013",8182caaf670814ebbeb9046e1a4982b9,0.2651419558359621,120000,154,152172000,/nfs3_ib/nfs-ip34/home/def-ilafores/analysis/MethodsComparison/Feces_RA/preproc/SRR5091454/SRR5091454_unmatched_2.fastq,SRR5091454,57d90ad0a44cdb8421c3143993d6aa13,302557000,31,DNA,1000,302557,true,0.845766226985673,0.9580816688808855,0.9019239479332792,0.9580816688808855,2136,2267615,3114360
680000,0.0022475103864726315,0.014727722772277227,0.0003933143176327105,0.00026425975160225535,6.915966386554622,3.0,9.723556972659274,signatures/6672ed00a5e62028f3d25099a8b409db.sig.gz,GCF_900761785.1 uncultured Bacteroides sp. SRS098827_17,6672ed00a5e62028f3d25099a8b409db,0.08415841584158416,119000,155,152053000,/nfs3_ib/nfs-ip34/home/def-ilafores/analysis/MethodsComparison/Feces_RA/preproc/SRR5091454/SRR5091454_unmatched_2.fastq,SRR5091454,57d90ad0a44cdb8421c3143993d6aa13,302557000,31,DNA,1000,302557,true,0.8214308754420538,0.923263629337143,0.8723472523895984,0.923263629337143,823,2268438,3114360
370000,0.0012229100632277555,0.03252710592160134,0.00038670399296661455,0.0001871973696040278,4.982905982905983,3.0,6.958955253623207,signatures/79a393fb99d8977a1fe96a36cabdd09c.sig.gz,"GCF_000265365.1 Alistipes finegoldii DSM 17242 strain=DSM 17242, ASM26536v1",79a393fb99d8977a1fe96a36cabdd09c,0.1028634973589102,117000,156,151936000,/nfs3_ib/nfs-ip34/home/def-ilafores/analysis/MethodsComparison/Feces_RA/preproc/SRR5091454/SRR5091454_unmatched_2.fastq,SRR5091454,57d90ad0a44cdb8421c3143993d6aa13,302557000,31,DNA,1000,302557,true,0.8054618670905989,0.9292604653890577,0.8673611662398283,0.9292604653890577,583,2269021,3114360
663000,0.002191322626810816,0.04180064308681672,0.00038670399296661455,0.00040104547964910927,10.675213675213675,11.0,6.062113055522197,signatures/1a6ea346590b713f033b7fae8ab21643.sig.gz,"GCF_023347535.1 Faecalibacterium sp. HTFF strain=HTFF, ASM2334753v1",1a6ea346590b713f033b7fae8ab21643,0.23687031082529475,117000,157,151819000,/nfs3_ib/nfs-ip34/home/def-ilafores/analysis/MethodsComparison/Feces_RA/preproc/SRR5091454/SRR5091454_unmatched_2.fastq,SRR5091454,57d90ad0a44cdb8421c3143993d6aa13,302557000,31,DNA,1000,302557,true,0.8207602838592521,0.9546032828254972,0.8876817833423747,0.9546032828254972,1249,2270270,3114360
401000,0.001325370095552243,0.05860415556739478,0.00036356785663527863,0.00009761235053108825,2.7636363636363637,2.0,1.6783502328573234,signatures/5ced1ecdce79d2e70d60e340e02841fd.sig.gz,"GCA_900772675.1 Lachnospiraceae bacterium, SRS883021_119",5ced1ecdce79d2e70d60e340e02841fd,0.2136387852956846,110000,158,151709000,/nfs3_ib/nfs-ip34/home/def-ilafores/analysis/MethodsComparison/Feces_RA/preproc/SRR5091454/SRR5091454_unmatched_2.fastq,SRR5091454,57d90ad0a44cdb8421c3143993d6aa13,302557000,31,DNA,1000,302557,true,0.8075551046198701,0.9514298601644129,0.8794924823921415,0.9514298601644129,304,2270574,3114360
498000,0.001645970841857898,0.05092592592592592,0.00036356785663527863,0.0001412810336634172,4.0,3.0,2.9908952749059177,signatures/87c024897b236fa04a28cc44a019b791.sig.gz,"GCA_000432155.1 Eubacterium sp. CAG:274, MGS274",87c024897b236fa04a28cc44a019b791,0.23055555555555557,110000,159,151599000,/nfs3_ib/nfs-ip34/home/def-ilafores/analysis/MethodsComparison/Feces_RA/preproc/SRR5091454/SRR5091454_unmatched_2.fastq,SRR5091454,57d90ad0a44cdb8421c3143993d6aa13,302557000,31,DNA,1000,302557,true,0.8132183423955065,0.9537715723532597,0.8834949573743831,0.9537715723532597,440,2271014,3114360
362000,0.0011964687645633716,0.046501706484641636,0.00036026269430223065,0.00005811787975699662,1.6605504587155964,1.0,0.8590605439060276,signatures/ca73131023ce3a6dac548f8b1fc0b289.sig.gz,"GCF_005601135.1 Ruminococcus sp. JE7A12 strain=JE7A12, ASM560113v1",ca73131023ce3a6dac548f8b1fc0b289,0.15443686006825938,109000,160,151490000,/nfs3_ib/nfs-ip34/home/def-ilafores/analysis/MethodsComparison/Feces_RA/preproc/SRR5091454/SRR5091454_unmatched_2.fastq,SRR5091454,57d90ad0a44cdb8421c3143993d6aa13,302557000,31,DNA,1000,302557,true,0.8048941180908192,0.941522441939264,0.8732082800150416,0.941522441939264,181,2271195,3114360
2159000,0.007135845477050606,0.02767199796902767,0.00036026269430223065,0.001166210714239844,33.321100917431195,6.0,47.869831286644775,signatures/9b37ff955b2758a3120db28694fa909f.sig.gz,"GCA_019415065.1 Bacteroides sp., ASM1941506v1",9b37ff955b2758a3120db28694fa909f,0.5481086570195481,109000,161,151381000,/nfs3_ib/nfs-ip34/home/def-ilafores/analysis/MethodsComparison/Feces_RA/preproc/SRR5091454/SRR5091454_unmatched_2.fastq,SRR5091454,57d90ad0a44cdb8421c3143993d6aa13,302557000,31,DNA,1000,302557,true,0.8526215483963031,0.980790710771702,0.9167061295840025,0.980790710771702,3632,2274827,3114360
675000,0.002230984574807392,0.04693786320965579,0.0003470420449700387,0.0001066029617642148,3.1619047619047618,3.0,1.7464184276006247,signatures/0a1c55811a75bf97bcc40c56360ad197.sig.gz,GCF_934330165.1 uncultured Mediterraneibacter sp. ERR7738201_bin.85,0a1c55811a75bf97bcc40c56360ad197,0.30174340634778724,105000,162,151276000,/nfs3_ib/nfs-ip34/home/def-ilafores/analysis/MethodsComparison/Feces_RA/preproc/SRR5091454/SRR5091454_unmatched_2.fastq,SRR5091454,57d90ad0a44cdb8421c3143993d6aa13,302557000,31,DNA,1000,302557,true,0.8212353423310201,0.9620865034282836,0.8916609228796519,0.9620865034282836,332,2275159,3114360
669000,0.002211153600809104,0.02080416083216643,0.0003437368826369907,0.00006486083818184153,1.9423076923076923,1.0,3.370764929955477,signatures/77a7ed2c6c963d84f505bc3ff58ba172.sig.gz,"GCF_019583405.1 Bacteroides fragilis strain=S82, ASM1958340v1",77a7ed2c6c963d84f505bc3ff58ba172,0.13382676535307061,104000,163,151172000,/nfs3_ib/nfs-ip34/home/def-ilafores/analysis/MethodsComparison/Feces_RA/preproc/SRR5091454/SRR5091454_unmatched_2.fastq,SRR5091454,57d90ad0a44cdb8421c3143993d6aa13,302557000,31,DNA,1000,302557,true,0.8209988439029042,0.9371820613026084,0.8790904526027563,0.9371820613026084,202,2275361,3114360
124000,0.00040984012929795046,0.044821583986074845,0.0003404317203039427,0.000039494470774091624,1.1941747572815533,1.0,0.4193905061447607,signatures/abf22064a79abd2d037eeb2bae4fa9e9.sig.gz,"GCA_900557165.1 uncultured Clostridium sp., UMGS2014",abf22064a79abd2d037eeb2bae4fa9e9,0.053959965187119235,103000,164,151069000,/nfs3_ib/nfs-ip34/home/def-ilafores/analysis/MethodsComparison/Feces_RA/preproc/SRR5091454/SRR5091454_unmatched_2.fastq,SRR5091454,57d90ad0a44cdb8421c3143993d6aa13,302557000,31,DNA,1000,302557,true,0.7775521012667286,0.9101208962697618,0.8438364987682452,0.9101208962697618,123,2275484,3114360
604000,0.0019963180491609847,0.027642276422764227,0.00033712655797089473,0.00033554245495061584,10.245098039215685,1.0,26.26614770358353,signatures/b41feede9fdc86f2bd09dd47a8e3856b.sig.gz,GCA_003465495.1 Segatella copri strain=AF10-17 ASM346549v1,b41feede9fdc86f2bd09dd47a8e3856b,0.16368563685636855,102000,165,150967000,/nfs3_ib/nfs-ip34/home/def-ilafores/analysis/MethodsComparison/Feces_RA/preproc/SRR5091454/SRR5091454_unmatched_2.fastq,SRR5091454,57d90ad0a44cdb8421c3143993d6aa13,302557000,31,DNA,1000,302557,true,0.8182963924767894,0.9432905905995014,0.8807934915381455,0.9432905905995014,1045,2276529,3114360
993000,0.0032820261967166516,0.021804835924006907,0.00033382139563784674,0.0001232998111971641,3.801980198019802,3.0,2.6402062699953452,signatures/16c61a72a7b0e33b078d70321bdf2cda.sig.gz,"GCF_000026225.1 Escherichia fergusonii ATCC 35469 strain=ATCC 35469T, ASM2622v1",16c61a72a7b0e33b078d70321bdf2cda,0.21437823834196892,101000,166,150866000,/nfs3_ib/nfs-ip34/home/def-ilafores/analysis/MethodsComparison/Feces_RA/preproc/SRR5091454/SRR5091454_unmatched_2.fastq,SRR5091454,57d90ad0a44cdb8421c3143993d6aa13,302557000,31,DNA,1000,302557,true,0.8315254573365878,0.9515359122648611,0.8915306848007245,0.9515359122648611,384,2276913,3114360
173000,0.0005717930836173019,0.015272947225162559,0.00033382139563784674,0.00004238431009902516,1.306930693069307,1.0,1.6871240645127248,signatures/4e1788a417277623d5d9145c388358e7.sig.gz,GCF_028539415.1 Bacteroides cellulosilyticus DSM 14838 strain=DSM 14838 ASM2853941v1,4e1788a417277623d5d9145c388358e7,0.026160592771813096,101000,167,150765000,/nfs3_ib/nfs-ip34/home/def-ilafores/analysis/MethodsComparison/Feces_RA/preproc/SRR5091454/SRR5091454_unmatched_2.fastq,SRR5091454,57d90ad0a44cdb8421c3143993d6aa13,302557000,31,DNA,1000,302557,true,0.7859497916494472,0.8891117989036285,0.8375307952765378,0.8891117989036285,132,2277045,3114360
485000,0.001603003731528274,0.028898426323319026,0.00033382139563784674,0.00006871395728175291,2.118811881188119,1.0,1.9664871867623297,signatures/f299b236b2c90ca07a476b089611b3c0.sig.gz,"GCF_013304825.1 Blautia schinkii strain=MSK.6.26, ASM1330482v1",f299b236b2c90ca07a476b089611b3c0,0.13876967095851217,101000,168,150664000,/nfs3_ib/nfs-ip34/home/def-ilafores/analysis/MethodsComparison/Feces_RA/preproc/SRR5091454/SRR5091454_unmatched_2.fastq,SRR5091454,57d90ad0a44cdb8421c3143993d6aa13,302557000,31,DNA,1000,302557,true,0.8125247483565652,0.9382791862712331,0.8754019673138991,0.9382791862712331,214,2277259,3114360
177000,0.0005850137329494939,0.03869969040247678,0.00033051623330479876,0.0000892639258146136,2.78,1.0,8.768785548751891,signatures/db9feafdd9d3e3f2fb5caf52a730ce6a.sig.gz,"GCF_000154465.1 Alistipes putredinis DSM 17216 strain=DSM 17216, ASM15446v1",db9feafdd9d3e3f2fb5caf52a730ce6a,0.0684984520123839,100000,169,150564000,/nfs3_ib/nfs-ip34/home/def-ilafores/analysis/MethodsComparison/Feces_RA/preproc/SRR5091454/SRR5091454_unmatched_2.fastq,SRR5091454,57d90ad0a44cdb8421c3143993d6aa13,302557000,31,DNA,1000,302557,true,0.78652953274445,0.917151994287046,0.851840763515748,0.917151994287046,278,2277537,3114360
505000,0.0016691069781892337,0.04522613065326633,0.00032721107097175077,0.00007642019548157567,2.404040404040404,2.0,1.3774459744428917,signatures/143dc74fb5c03d2d2518974f7546d741.sig.gz,"GCA_900542325.1 uncultured Collinsella sp., UMGS443",143dc74fb5c03d2d2518974f7546d741,0.23069894929191412,99000,170,150465000,/nfs3_ib/nfs-ip34/home/def-ilafores/analysis/MethodsComparison/Feces_RA/preproc/SRR5091454/SRR5091454_unmatched_2.fastq,SRR5091454,57d90ad0a44cdb8421c3143993d6aa13,302557000,31,DNA,1000,302557,true,0.81358459220228,0.9537907019848147,0.8836876470935473,0.9537907019848147,238,2277775,3114360
143000,0.0004726382136258622,0.030491599253266957,0.0003239059086387028,0.000034999165157528355,1.1122448979591837,1.0,0.31566751629098,signatures/344ef54e9f0055ebde278ea1d0270b76.sig.gz,"GCF_900637705.1 Fusobacterium varium strain=NCTC10560, 52451_E01",344ef54e9f0055ebde278ea1d0270b76,0.04449284380833852,98000,171,150367000,/nfs3_ib/nfs-ip34/home/def-ilafores/analysis/MethodsComparison/Feces_RA/preproc/SRR5091454/SRR5091454_unmatched_2.fastq,SRR5091454,57d90ad0a44cdb8421c3143993d6aa13,302557000,31,DNA,1000,302557,true,0.7811361493670989,0.9044747701271382,0.8428054597471185,0.9044747701271382,109,2277884,3114360
1204000,0.003979415448989777,0.014076159431026818,0.0003139904216395588,0.00015476695051310703,5.073684210526316,2.0,7.314358057616119,signatures/d0bde3e6526ca3c12f402123a43ebfc0.sig.gz,"GCA_019412825.1 Bacteroides thetaiotaomicron, ASM1941282v1",d0bde3e6526ca3c12f402123a43ebfc0,0.1783967995258557,95000,172,150272000,/nfs3_ib/nfs-ip34/home/def-ilafores/analysis/MethodsComparison/Feces_RA/preproc/SRR5091454/SRR5091454_unmatched_2.fastq,SRR5091454,57d90ad0a44cdb8421c3143993d6aa13,302557000,31,DNA,1000,302557,true,0.8367097226052904,0.945913002790174,0.8913113626977323,0.945913002790174,482,2278366,3114360
432000,0.0014278301278767306,0.018328734726054396,0.00030738009697346284,0.0006055818852027383,20.27956989247312,2.0,29.630108775560842,signatures/50fa5e3a2a6551604f70fcf8a3712902.sig.gz,"GCF_900155865.1 Bacteroides bouchesdurhonensis strain=Marseille-P2653, PRJEB18812",50fa5e3a2a6551604f70fcf8a3712902,0.08513992905005913,93000,173,150179000,/nfs3_ib/nfs-ip34/home/def-ilafores/analysis/MethodsComparison/Feces_RA/preproc/SRR5091454/SRR5091454_unmatched_2.fastq,SRR5091454,57d90ad0a44cdb8421c3143993d6aa13,302557000,31,DNA,1000,302557,true,0.8094972399122895,0.9236090303089858,0.8665531351106377,0.9236090303089858,1886,2280252,3114360
560000,0.001850890906506873,0.04080717488789238,0.00030076977230736687,0.00008476862019805032,2.901098901098901,2.0,2.8901307816902544,signatures/93cdc16ca0cdf655b8e92dd131cbe69f.sig.gz,GCA_902463905.1 uncultured Faecalibacterium sp. UHGG-TPA_MGYG-HGUT-00589,93cdc16ca0cdf655b8e92dd131cbe69f,0.25112107623318386,91000,174,150088000,/nfs3_ib/nfs-ip34/home/def-ilafores/analysis/MethodsComparison/Feces_RA/preproc/SRR5091454/SRR5091454_unmatched_2.fastq,SRR5091454,57d90ad0a44cdb8421c3143993d6aa13,302557000,31,DNA,1000,302557,true,0.8163022512938425,0.9564040188818288,0.8863531350878356,0.9564040188818288,264,2280516,3114360
737000,0.002435904639456367,0.019023462270133164,0.0002974646099743189,0.0010323148255179234,35.72222222222222,19.5,40.59502645447478,signatures/3a64fac11588ca9ed657a3aafee42bb8.sig.gz,GCA_030295565.1 Bacteroides finegoldii DSM 17565 strain=JCM 13345 ASM3029556v1,3a64fac11588ca9ed657a3aafee42bb8,0.15578101881209047,90000,175,149998000,/nfs3_ib/nfs-ip34/home/def-ilafores/analysis/MethodsComparison/Feces_RA/preproc/SRR5091454/SRR5091454_unmatched_2.fastq,SRR5091454,57d90ad0a44cdb8421c3143993d6aa13,302557000,31,DNA,1000,302557,true,0.8235665875557002,0.9417856784574052,0.8826761330065527,0.9417856784574052,3215,2283731,3114360
507000,0.0016757173028553298,0.05622236260265319,0.0002941594476412709,0.0002738925493520338,9.584269662921349,10.0,6.1164890214692464,signatures/3b0c0b515aeaac98f8eecc40f98418e8.sig.gz,GCA_902463235.1 uncultured Faecalibacterium sp. UHGG-TPA_MGYG-HGUT-00512,3b0c0b515aeaac98f8eecc40f98418e8,0.3202779532533165,89000,176,149909000,/nfs3_ib/nfs-ip34/home/def-ilafores/analysis/MethodsComparison/Feces_RA/preproc/SRR5091454/SRR5091454_unmatched_2.fastq,SRR5091454,57d90ad0a44cdb8421c3143993d6aa13,302557000,31,DNA,1000,302557,true,0.8136883328016266,0.9639383513486574,0.888813342075142,0.9639383513486574,853,2284584,3114360
88000,0.0002908542853082229,0.039285714285714285,0.0002908542853082229,0.000030824952799291025,1.0909090909090908,1.0,0.28747978728803447,signatures/4a2b47d34bd15d9d4bd0eea00bcee953.sig.gz,"GCF_000196555.1 Bifidobacterium longum subsp. longum JCM 1217 strain=JCM 1217, ASM19655v1",4a2b47d34bd15d9d4bd0eea00bcee953,0.039285714285714285,88000,177,149821000,/nfs3_ib/nfs-ip34/home/def-ilafores/analysis/MethodsComparison/Feces_RA/preproc/SRR5091454/SRR5091454_unmatched_2.fastq,SRR5091454,57d90ad0a44cdb8421c3143993d6aa13,302557000,31,DNA,1000,302557,true,0.768997654300429,0.9008505141867978,0.8349240842436134,0.9008505141867978,96,2284680,3114360
1080000,0.0035695753196918266,0.01828499369482976,0.0002875491229751749,0.00009054829884791739,3.2413793103448274,3.0,2.509593167750087,signatures/3e5892a57a7a64d24a3fe971c7892e95.sig.gz,"GCF_004211955.1 Escherichia sp. E1V33 strain=E1V33, ASM421195v1",3e5892a57a7a64d24a3fe971c7892e95,0.22698612862547288,87000,178,149734000,/nfs3_ib/nfs-ip34/home/def-ilafores/analysis/MethodsComparison/Feces_RA/preproc/SRR5091454/SRR5091454_unmatched_2.fastq,SRR5091454,57d90ad0a44cdb8421c3143993d6aa13,302557000,31,DNA,1000,302557,true,0.8337812927304645,0.9532916400020734,0.893536466366269,0.9532916400020734,282,2284962,3114360
90000,0.0002974646099743189,0.030041436464088397,0.0002875491229751749,0.00003467807189920241,1.2413793103448276,1.0,0.4539866128306092,signatures/68febb7358a4837cbde8eb55523b5d94.sig.gz,"GCF_900106845.1 Romboutsia timonensis strain=Marseille-P326, PRJEB14233",68febb7358a4837cbde8eb55523b5d94,0.031077348066298343,87000,179,149647000,/nfs3_ib/nfs-ip34/home/def-ilafores/analysis/MethodsComparison/Feces_RA/preproc/SRR5091454/SRR5091454_unmatched_2.fastq,SRR5091454,57d90ad0a44cdb8421c3143993d6aa13,302557000,31,DNA,1000,302557,true,0.7695553265237293,0.8940651356047756,0.8318102310642524,0.8940651356047756,108,2285070,3114360
769000,0.0025416698341139024,0.016396568160152527,0.00028424396064212693,0.0009356657547618131,33.883720930232556,21.0,43.29117709258615,signatures/bd900aa1b470c647fd1600f92d2d24ad.sig.gz,"GCF_024622025.1 Phocaeicola sartorii strain=DSM 21941, ASM2462202v1",bd900aa1b470c647fd1600f92d2d24ad,0.14661582459485223,86000,180,149561000,/nfs3_ib/nfs-ip34/home/def-ilafores/analysis/MethodsComparison/Feces_RA/preproc/SRR5091454/SRR5091454_unmatched_2.fastq,SRR5091454,57d90ad0a44cdb8421c3143993d6aa13,302557000,31,DNA,1000,302557,true,0.8246965269689228,0.939945359204278,0.8823209430866004,0.939945359204278,2914,2287984,3114360
530000,0.0017517360365154335,0.01967137236750752,0.00028093879830907894,0.00031820341900101463,11.658823529411764,1.0,21.824192157369747,signatures/4fede25466357d8494c5b32e1ffd6afe.sig.gz,"GCF_000187895.1 Bacteroides plebeius DSM 17135 strain=DSM 17135, ASM18789v1",4fede25466357d8494c5b32e1ffd6afe,0.12265679240916455,85000,181,149476000,/nfs3_ib/nfs-ip34/home/def-ilafores/analysis/MethodsComparison/Feces_RA/preproc/SRR5091454/SRR5091454_unmatched_2.fastq,SRR5091454,57d90ad0a44cdb8421c3143993d6aa13,302557000,31,DNA,1000,302557,true,0.8148536858286998,0.9345508889890812,0.8747022874088906,0.9345508889890812,991,2288975,3114360
286000,0.0009452764272517244,0.028648466464442197,0.00028093879830907894,0.00006100771908193016,2.235294117647059,1.0,2.2836866933742925,signatures/a6be66ce83fd1772452d8972fe7fcb22.sig.gz,"GCF_009695995.1 Lachnospiraceae bacterium WCA3-601-WT-6H strain=WCA3-601-WT-6H, ASM969599v1",a6be66ce83fd1772452d8972fe7fcb22,0.09639366363329963,85000,182,149391000,/nfs3_ib/nfs-ip34/home/def-ilafores/analysis/MethodsComparison/Feces_RA/preproc/SRR5091454/SRR5091454_unmatched_2.fastq,SRR5091454,57d90ad0a44cdb8421c3143993d6aa13,302557000,31,DNA,1000,302557,true,0.7987987591043357,0.9273151829263594,0.8630569710153475,0.9273151829263594,190,2289165,3114360
255000,0.0008428163949272369,0.02919451283855083,0.00027432847364298297,0.00008316315390642058,3.1204819277108435,2.0,4.246607690401765,signatures/cef03e8f3a9b8afc55b6193ed7a2ab74.sig.gz,"GCF_003574295.1 Mediterraneibacter butyricigenes strain=KCTC 15684, ASM357429v1",cef03e8f3a9b8afc55b6193ed7a2ab74,0.08969398522687302,83000,183,149308000,/nfs3_ib/nfs-ip34/home/def-ilafores/analysis/MethodsComparison/Feces_RA/preproc/SRR5091454/SRR5091454_unmatched_2.fastq,SRR5091454,57d90ad0a44cdb8421c3143993d6aa13,302557000,31,DNA,1000,302557,true,0.7958479390848726,0.9251628208651123,0.8605053799749924,0.9251628208651123,259,2289424,3114360
152000,0.0005023846746232941,0.015770473114193426,0.00027432847364298297,0.000034356978640876454,1.2891566265060241,1.0,0.6682132348849179,signatures/b9d758e1ad0a5911eeaa11de34742296.sig.gz,"GCA_000509105.1 Clostridiales bacterium VE202-21 strain=VE202-21, ASM50910v1",b9d758e1ad0a5911eeaa11de34742296,0.02888086642599278,83000,184,149225000,/nfs3_ib/nfs-ip34/home/def-ilafores/analysis/MethodsComparison/Feces_RA/preproc/SRR5091454/SRR5091454_unmatched_2.fastq,SRR5091454,57d90ad0a44cdb8421c3143993d6aa13,302557000,31,DNA,1000,302557,true,0.7826756431514769,0.8919536049475988,0.8373146240495378,0.8919536049475988,107,2289531,3114360
244000,0.000806459609263709,0.02716297786720322,0.000267718148976887,0.00016343646848790763,6.283950617283951,1.0,14.825099310891927,signatures/202b4a96ab763ae8b9d9aa34459e999a.sig.gz,"GCF_009680455.1 Lachnospira eligens strain=BIOML-A1, ASM968045v1",202b4a96ab763ae8b9d9aa34459e999a,0.0818242790073776,81000,185,149144000,/nfs3_ib/nfs-ip34/home/def-ilafores/analysis/MethodsComparison/Feces_RA/preproc/SRR5091454/SRR5091454_unmatched_2.fastq,SRR5091454,57d90ad0a44cdb8421c3143993d6aa13,302557000,31,DNA,1000,302557,true,0.7947167061014826,0.9224263137936246,0.8585715099475536,0.9224263137936246,509,2290040,3114360
236000,0.0007800183105993251,0.03664681630783326,0.000264412986643839,0.00003114604605761697,1.2125,1.0,0.4662014049742878,signatures/dbd15eddd1d077ef23fe41235986f0cd.sig.gz,"GCF_000785515.1 Streptococcus salivarius strain=NCTC 8618, ASM78551v1",dbd15eddd1d077ef23fe41235986f0cd,0.10810810810810811,80000,186,149064000,/nfs3_ib/nfs-ip34/home/def-ilafores/analysis/MethodsComparison/Feces_RA/preproc/SRR5091454/SRR5091454_unmatched_2.fastq,SRR5091454,57d90ad0a44cdb8421c3143993d6aa13,302557000,31,DNA,1000,302557,true,0.7938625522195414,0.9307523419376105,0.8623074470785759,0.9307523419376105,97,2290137,3114360
90000,0.0002974646099743189,0.024898848428260192,0.000264412986643839,0.000030182766282639128,1.175,1.0,0.4115519408288582,signatures/ece36072373c7b77383d2692bfd3aee1.sig.gz,"GCF_014131695.1 Erysipelatoclostridium ramosum DSM 1402 strain=DSM 1402, ASM1413169v1",ece36072373c7b77383d2692bfd3aee1,0.028011204481792718,80000,187,148984000,/nfs3_ib/nfs-ip34/home/def-ilafores/analysis/MethodsComparison/Feces_RA/preproc/SRR5091454/SRR5091454_unmatched_2.fastq,SRR5091454,57d90ad0a44cdb8421c3143993d6aa13,302557000,31,DNA,1000,302557,true,0.7695553265237293,0.8910743213539273,0.8303148239388283,0.8910743213539273,94,2290231,3114360
629000,0.0020789471074871843,0.020282892981051508,0.00025119233731164706,0.00007545691570659782,3.0921052631578947,1.5,3.2693860343421126,signatures/cb9cfd710212a550257ed974f220e156.sig.gz,"GCF_009707925.1 Blautia luti DSM 14534 strain=DSM 14534, ASM970792v1",cb9cfd710212a550257ed974f220e156,0.16786762743528155,76000,188,148908000,/nfs3_ib/nfs-ip34/home/def-ilafores/analysis/MethodsComparison/Feces_RA/preproc/SRR5091454/SRR5091454_unmatched_2.fastq,SRR5091454,57d90ad0a44cdb8421c3143993d6aa13,302557000,31,DNA,1000,302557,true,0.8193676638945137,0.9440585589231558,0.8817131114088348,0.9440585589231558,235,2290466,3114360
670000,0.0022144587631421518,0.026931254429482635,0.00025119233731164706,0.00008252096738976869,3.3815789473684212,3.0,2.0194260861570354,signatures/783cf8ed6e6236b3d966599c5f94e9f8.sig.gz,GCA_902496665.1 uncultured Clostridium sp. UHGG-TPA_MGYG-HGUT-04582,783cf8ed6e6236b3d966599c5f94e9f8,0.23742026931254429,76000,189,148832000,/nfs3_ib/nfs-ip34/home/def-ilafores/analysis/MethodsComparison/Feces_RA/preproc/SRR5091454/SRR5091454_unmatched_2.fastq,SRR5091454,57d90ad0a44cdb8421c3143993d6aa13,302557000,31,DNA,1000,302557,true,0.821038402493845,0.9546746984230087,0.8878565504584268,0.9546746984230087,257,2290723,3114360
109000,0.00036026269430223065,0.025232403718459494,0.00025119233731164706,0.00002825620673268344,1.1578947368421053,1.0,0.39909870758166044,signatures/68fb01ed6b048c0394873bac4b6cdd1b.sig.gz,"GCF_015560805.1 Mediterraneibacter glycyrrhizinilyticus strain=BSD2780061687b_171204_B1, ASM1556080v1",68fb01ed6b048c0394873bac4b6cdd1b,0.03618857901726428,76000,190,148756000,/nfs3_ib/nfs-ip34/home/def-ilafores/analysis/MethodsComparison/Feces_RA/preproc/SRR5091454/SRR5091454_unmatched_2.fastq,SRR5091454,57d90ad0a44cdb8421c3143993d6aa13,302557000,31,DNA,1000,302557,true,0.7743248605506602,0.8984673661690371,0.8363961133598486,0.8984673661690371,88,2290811,3114360
716000,0.0023664962304623593,0.0397489539748954,0.00025119233731164706,0.00008508971345637626,3.486842105263158,3.0,2.233085080123293,signatures/92b19d619bec44211e0cd1149887d856.sig.gz,"GCA_905215045.1 uncultured bacterium, ERR1600571-mag-bin.33",92b19d619bec44211e0cd1149887d856,0.37447698744769875,76000,191,148680000,/nfs3_ib/nfs-ip34/home/def-ilafores/analysis/MethodsComparison/Feces_RA/preproc/SRR5091454/SRR5091454_unmatched_2.fastq,SRR5091454,57d90ad0a44cdb8421c3143993d6aa13,302557000,31,DNA,1000,302557,true,0.8227989636922696,0.9688120245199001,0.8958054941060849,0.9688120245199001,265,2291076,3114360
571000,0.001887247692170401,0.01764990328820116,0.0002412768503125031,0.00012490527748879385,5.328767123287672,3.0,8.498275078033945,signatures/0406dc9599017bcdf1976c899edbe0f3.sig.gz,"GCA_003478355.1 Lachnospiraceae bacterium AM48-27BH strain=AM48-27BH, ASM347835v1",0406dc9599017bcdf1976c899edbe0f3,0.1380560928433269,73000,192,148607000,/nfs3_ib/nfs-ip34/home/def-ilafores/analysis/MethodsComparison/Feces_RA/preproc/SRR5091454/SRR5091454_unmatched_2.fastq,SRR5091454,57d90ad0a44cdb8421c3143993d6aa13,302557000,31,DNA,1000,302557,true,0.816814639750463,0.9381231590947419,0.8774688994226024,0.9381231590947419,389,2291465,3114360
313000,0.00103451581024402,0.044036697247706424,0.0002379716879794551,0.00004366868313232895,1.8888888888888888,2.0,1.021376461713902,signatures/e2d6916f7997c5044adf7f6e30b117af.sig.gz,"GCA_900551665.1 uncultured Collinsella sp., UMGS1432",e2d6916f7997c5044adf7f6e30b117af,0.19143730886850152,72000,193,148535000,/nfs3_ib/nfs-ip34/home/def-ilafores/analysis/MethodsComparison/Feces_RA/preproc/SRR5091454/SRR5091454_unmatched_2.fastq,SRR5091454,57d90ad0a44cdb8421c3143993d6aa13,302557000,31,DNA,1000,302557,true,0.8011266845861226,0.9480681723894824,0.8745974284878024,0.9480681723894824,136,2291601,3114360
324000,0.001070872595907548,0.02203600248292986,0.00023466652564640712,0.000052659294365455505,2.3098591549295775,2.0,1.8958185960625953,signatures/d857a1209d50af1cfcfc6c682397f261.sig.gz,"GCF_000173975.1 Anaerobutyricum hallii DSM 3353 strain=DSM 3353, ASM17397v1",d857a1209d50af1cfcfc6c682397f261,0.1005586592178771,71000,194,148464000,/nfs3_ib/nfs-ip34/home/def-ilafores/analysis/MethodsComparison/Feces_RA/preproc/SRR5091454/SRR5091454_unmatched_2.fastq,SRR5091454,57d90ad0a44cdb8421c3143993d6aa13,302557000,31,DNA,1000,302557,true,0.8020198006393158,0.9285814059399393,0.8653006032896275,0.9285814059399393,164,2291765,3114360
276000,0.0009122248039212446,0.024415765608650157,0.00023136136331335913,0.00045852117288945404,20.4,21.0,9.4345868256871,signatures/8e501eec9371799ddb40f724f45122ba.sig.gz,"GCA_002633275.1 Bacteroidales bacterium Phil12, ASM263327v1",8e501eec9371799ddb40f724f45122ba,0.09626787582839205,70000,195,148394000,/nfs3_ib/nfs-ip34/home/def-ilafores/analysis/MethodsComparison/Feces_RA/preproc/SRR5091454/SRR5091454_unmatched_2.fastq,SRR5091454,57d90ad0a44cdb8421c3143993d6aa13,302557000,31,DNA,1000,302557,true,0.7978821884961026,0.9272761231187696,0.862579155807436,0.9272761231187696,1428,2293193,3114360
499000,0.0016492760041909459,0.025500910746812388,0.00023136136331335913,0.00013421698198024635,5.9714285714285715,2.0,6.924019123047433,signatures/d5330fc8a7b2b48d024b6fb23f5b2ee5.sig.gz,"GCA_900765705.1 uncultured Faecalibacterium sp., SRS294968_37",d5330fc8a7b2b48d024b6fb23f5b2ee5,0.18178506375227688,70000,196,148324000,/nfs3_ib/nfs-ip34/home/def-ilafores/analysis/MethodsComparison/Feces_RA/preproc/SRR5091454/SRR5091454_unmatched_2.fastq,SRR5091454,57d90ad0a44cdb8421c3143993d6aa13,302557000,31,DNA,1000,302557,true,0.8132709676860538,0.9464872772973423,0.879879122491698,0.9464872772973423,418,2293611,3114360
567000,0.001874027042838209,0.04806312769010043,0.00022144587631421517,0.00005137492133215171,2.388059701492537,2.0,1.5254578356598487,signatures/9f35aaf57b80928b92546075af819741.sig.gz,"GCA_019410105.1 Clostridiales bacterium, ASM1941010v1",9f35aaf57b80928b92546075af819741,0.4067431850789096,67000,197,148257000,/nfs3_ib/nfs-ip34/home/def-ilafores/analysis/MethodsComparison/Feces_RA/preproc/SRR5091454/SRR5091454_unmatched_2.fastq,SRR5091454,57d90ad0a44cdb8421c3143993d6aa13,302557000,31,DNA,1000,302557,true,0.8166294307487618,0.9713985000841195,0.8940139654164407,0.9713985000841195,160,2293771,3114360
185000,0.0006114550316138778,0.017876200640341514,0.00022144587631421517,0.00146290088493302,68.0,75.0,36.05799640132008,signatures/01dda38c26d68bbc4f8e8ebc25846a78.sig.gz,"GCF_900128475.1 Mediterranea massiliensis strain=Marseille-P2645, PRJEB18047",01dda38c26d68bbc4f8e8ebc25846a78,0.04935965848452508,67000,198,148190000,/nfs3_ib/nfs-ip34/home/def-ilafores/analysis/MethodsComparison/Feces_RA/preproc/SRR5091454/SRR5091454_unmatched_2.fastq,SRR5091454,57d90ad0a44cdb8421c3143993d6aa13,302557000,31,DNA,1000,302557,true,0.7876519262832306,0.9075085270229734,0.847580226653102,0.9075085270229734,4556,2298327,3114360
479000,0.001583172757529986,0.023508137432188065,0.0002148355516481192,0.00008252096738976869,3.953846153846154,2.0,4.688548304870133,signatures/88f1b5eec91b23fd70f1b11b9f13bd9a.sig.gz,"GCF_023347275.1 Faecalibacterium sp. I3389 strain=I3389, ASM2334727v1",88f1b5eec91b23fd70f1b11b9f13bd9a,0.17323688969258588,65000,199,148125000,/nfs3_ib/nfs-ip34/home/def-ilafores/analysis/MethodsComparison/Feces_RA/preproc/SRR5091454/SRR5091454_unmatched_2.fastq,SRR5091454,57d90ad0a44cdb8421c3143993d6aa13,302557000,31,DNA,1000,302557,true,0.8121985381614321,0.9450178509014046,0.8786081945314184,0.9450178509014046,257,2298584,3114360
453000,0.0014972385368707383,0.01695799634750848,0.0002148355516481192,0.00005009054829884792,2.4,1.0,10.455473354990826,signatures/25193ca20fa965045f4893947deacea0.sig.gz,"GCF_019127135.1 Prevotella copri strain=MSK.21.95, ASM1912713v1",25193ca20fa965045f4893947deacea0,0.11818418992955909,65000,200,148060000,/nfs3_ib/nfs-ip34/home/def-ilafores/analysis/MethodsComparison/Feces_RA/preproc/SRR5091454/SRR5091454_unmatched_2.fastq,SRR5091454,57d90ad0a44cdb8421c3143993d6aa13,302557000,31,DNA,1000,302557,true,0.8107376742003668,0.9334317322119183,0.8720847032061425,0.9334317322119183,156,2298740,3114360
870000,0.0028754912297517493,0.013879852526566904,0.0002115303893150712,0.0007157168728085385,34.828125,15.0,68.7817096616853,signatures/fce21236a84451ec2097370a1feb8cb5.sig.gz,"GCF_001688725.2 Bacteroides caecimuris strain=I48, ASM168872v2",fce21236a84451ec2097370a1feb8cb5,0.18867924528301888,64000,201,147996000,/nfs3_ib/nfs-ip34/home/def-ilafores/analysis/MethodsComparison/Feces_RA/preproc/SRR5091454/SRR5091454_unmatched_2.fastq,SRR5091454,57d90ad0a44cdb8421c3143993d6aa13,302557000,31,DNA,1000,302557,true,0.8279859536519643,0.94762446022738,0.8878052069396721,0.94762446022738,2229,2300969,3114360
379000,0.0012526565242251873,0.0282311424790472,0.0002115303893150712,0.00004238431009902516,2.0625,2.0,1.2103072956898178,signatures/92f3976e448ff2236a63fb5031df2df0.sig.gz,"GCF_005845035.1 Collinsella aerofaciens strain=BSD2780061688st1_F5, ASM584503v1",92f3976e448ff2236a63fb5031df2df0,0.16718129686810762,64000,202,147932000,/nfs3_ib/nfs-ip34/home/def-ilafores/analysis/MethodsComparison/Feces_RA/preproc/SRR5091454/SRR5091454_unmatched_2.fastq,SRR5091454,57d90ad0a44cdb8421c3143993d6aa13,302557000,31,DNA,1000,302557,true,0.806086555198775,0.9439338021137496,0.8750101786562623,0.9439338021137496,132,2301101,3114360
403000,0.001331980420218339,0.015322001436437634,0.0002115303893150712,0.000050411641557173864,2.453125,1.0,3.311578586471262,signatures/10a3119a5699e5fe2f6e2fb304de6b7c.sig.gz,"GCF_020537505.1 Blautia glucerasea strain=MSK.18.94, ASM2053750v1",10a3119a5699e5fe2f6e2fb304de6b7c,0.09648072779506824,64000,203,147868000,/nfs3_ib/nfs-ip34/home/def-ilafores/analysis/MethodsComparison/Feces_RA/preproc/SRR5091454/SRR5091454_unmatched_2.fastq,SRR5091454,57d90ad0a44cdb8421c3143993d6aa13,302557000,31,DNA,1000,302557,true,0.807684718096916,0.9273421893378219,0.867513453717369,0.9273421893378219,157,2301258,3114360
579000,0.0019136889908347849,0.015857284440039643,0.0002115303893150712,0.000045274149423958694,2.203125,1.0,2.3397361463154347,signatures/dd362ff77f4bcc80ca1e3387a9b01f6e.sig.gz,"GCF_013304735.1 Blautia luti strain=MSK.16.34, ASM1330473v1",dd362ff77f4bcc80ca1e3387a9b01f6e,0.14345887016848366,64000,204,147804000,/nfs3_ib/nfs-ip34/home/def-ilafores/analysis/MethodsComparison/Feces_RA/preproc/SRR5091454/SRR5091454_unmatched_2.fastq,SRR5091454,57d90ad0a44cdb8421c3143993d6aa13,302557000,31,DNA,1000,302557,true,0.8171813207696946,0.9392855869317766,0.8782334538507356,0.9392855869317766,141,2301399,3114360
210000,0.0006940840899400774,0.023730070448646643,0.0002115303893150712,0.0003320104291090304,16.15625,1.0,19.072410333712412,signatures/c122ecbf66d016ce29333bc145978b5a.sig.gz,"GCA_900112995.1 Lactobacillus rogosae strain=ATCC 27753, IMG-taxon 2597490368 annotated assembly",c122ecbf66d016ce29333bc145978b5a,0.0778642936596218,64000,205,147740000,/nfs3_ib/nfs-ip34/home/def-ilafores/analysis/MethodsComparison/Feces_RA/preproc/SRR5091454/SRR5091454_unmatched_2.fastq,SRR5091454,57d90ad0a44cdb8421c3143993d6aa13,302557000,31,DNA,1000,302557,true,0.7908790426375625,0.9209514179998538,0.8559152303187081,0.9209514179998538,1034,2302433,3114360
674000,0.0022276794124743435,0.01932515337423313,0.00020822522698202322,0.00004495305616563275,2.2222222222222223,2.0,1.9796139149350778,signatures/6f09b1e12da46f6b224751091ec7f9e0.sig.gz,"GCA_934317215.1 uncultured Roseburia sp., ERR7745427_bin.39",6f09b1e12da46f6b224751091ec7f9e0,0.2067484662576687,63000,206,147677000,/nfs3_ib/nfs-ip34/home/def-ilafores/analysis/MethodsComparison/Feces_RA/preproc/SRR5091454/SRR5091454_unmatched_2.fastq,SRR5091454,57d90ad0a44cdb8421c3143993d6aa13,302557000,31,DNA,1000,302557,true,0.8211960675585382,0.9504242164434303,0.8858101420009843,0.9504242164434303,140,2302573,3114360
195000,0.0006445066549443576,0.018862275449101795,0.00020822522698202322,0.00022059106846992641,10.904761904761905,11.0,9.188872300215074,signatures/05586d372d16a721bb9acde395d2f6bb.sig.gz,GCA_030844625.1 Roseburia sp. ASM3084462v1,05586d372d16a721bb9acde395d2f6bb,0.058383233532934134,63000,207,147614000,/nfs3_ib/nfs-ip34/home/def-ilafores/analysis/MethodsComparison/Feces_RA/preproc/SRR5091454/SRR5091454_unmatched_2.fastq,SRR5091454,57d90ad0a44cdb8421c3143993d6aa13,302557000,31,DNA,1000,302557,true,0.7889906413023138,0.9124369063940536,0.8507137738481837,0.9124369063940536,687,2303260,3114360
83000,0.00027432847364298297,0.020701168614357262,0.00020492006464897523,0.000023760901116120164,1.1935483870967742,1.0,0.5339659792660273,signatures/67dadb60720452f1dd374a919651ec92.sig.gz,"GCA_934394595.1 uncultured Blautia sp., ERR7738591_bin.232",67dadb60720452f1dd374a919651ec92,0.027712854757929884,62000,208,147552000,/nfs3_ib/nfs-ip34/home/def-ilafores/analysis/MethodsComparison/Feces_RA/preproc/SRR5091454/SRR5091454_unmatched_2.fastq,SRR5091454,57d90ad0a44cdb8421c3143993d6aa13,302557000,31,DNA,1000,302557,true,0.7675479436197579,0.890766574041444,0.8291572588306009,0.890766574041444,74,2303334,3114360
543000,0.0017947031468450573,0.020632279534109815,0.00020492006464897523,0.00006742958424844912,3.3870967741935485,2.0,4.47701959728855,signatures/c44bc28a0218fb212021916bba57f946.sig.gz,GCF_900541585.1 uncultured Alistipes sp. UMGS368,c44bc28a0218fb212021916bba57f946,0.18069883527454242,62000,209,147490000,/nfs3_ib/nfs-ip34/home/def-ilafores/analysis/MethodsComparison/Feces_RA/preproc/SRR5091454/SRR5091454_unmatched_2.fastq,SRR5091454,57d90ad0a44cdb8421c3143993d6aa13,302557000,31,DNA,1000,302557,true,0.8154908958096777,0.9463043094133409,0.8808976026115093,0.9463043094133409,210,2303544,3114360
141000,0.00046602788895976625,0.018663455749548464,0.00020492006464897523,0.000025366367407749905,1.2741935483870968,1.0,0.6265459548243559,signatures/ac6ff4cab85d8673ba368b5f66dcfee5.sig.gz,"GCF_018408705.1 Oscillibacter sp. MM59 strain=MM59, ASM1840870v1",ac6ff4cab85d8673ba368b5f66dcfee5,0.042444310656231186,62000,210,147428000,/nfs3_ib/nfs-ip34/home/def-ilafores/analysis/MethodsComparison/Feces_RA/preproc/SRR5091454/SRR5091454_unmatched_2.fastq,SRR5091454,57d90ad0a44cdb8421c3143993d6aa13,302557000,31,DNA,1000,302557,true,0.780781323545417,0.903100561719397,0.8419409426324069,0.903100561719397,79,2303623,3114360
673000,0.0022243742501412956,0.01693503609106052,0.00020161490231592724,0.00008187878087311678,4.180327868852459,3.0,7.887546101231955,signatures/ae3113259fd1a32557f288c504d24250.sig.gz,"GCF_014297245.1 Blautia sp. M29 strain=M29, ASM1429724v1",ae3113259fd1a32557f288c504d24250,0.18684064408661855,61000,211,147367000,/nfs3_ib/nfs-ip34/home/def-ilafores/analysis/MethodsComparison/Feces_RA/preproc/SRR5091454/SRR5091454_unmatched_2.fastq,SRR5091454,57d90ad0a44cdb8421c3143993d6aa13,302557000,31,DNA,1000,302557,true,0.8211567363540617,0.9473251689655886,0.8842409526598252,0.9473251689655886,255,2303878,3114360
951000,0.0031432093787286362,0.013907888736890105,0.00020161490231592724,0.00010050218985602178,5.131147540983607,4.0,4.282926109588964,signatures/cb4eb8b2772cce4c70d0738099004a98.sig.gz,GCF_029876145.1 Escherichia ruysiae strain=S1-IND-07-A ASM2987614v1,cb4eb8b2772cce4c70d0738099004a98,0.21682626538987687,61000,212,147306000,/nfs3_ib/nfs-ip34/home/def-ilafores/analysis/MethodsComparison/Feces_RA/preproc/SRR5091454/SRR5091454_unmatched_2.fastq,SRR5091454,57d90ad0a44cdb8421c3143993d6aa13,302557000,31,DNA,1000,302557,true,0.8303670487150132,0.9518844988043834,0.8911257737596983,0.9518844988043834,313,2304191,3114360
88000,0.0002908542853082229,0.01039890896692806,0.00020161490231592724,0.0006717270964178837,34.295081967213115,38.0,17.244951042803542,signatures/94e3f5a2030805fe7783ec2f5159183c.sig.gz,"GCA_023404095.1 Proteobacteria bacterium, ASM2340409v1",94e3f5a2030805fe7783ec2f5159183c,0.015001704739174906,61000,213,147245000,/nfs3_ib/nfs-ip34/home/def-ilafores/analysis/MethodsComparison/Feces_RA/preproc/SRR5091454/SRR5091454_unmatched_2.fastq,SRR5091454,57d90ad0a44cdb8421c3143993d6aa13,302557000,31,DNA,1000,302557,true,0.768997654300429,0.8733047578464871,0.821151206073458,0.8733047578464871,2092,2306283,3114360
212000,0.0007006944146061734,0.018034265103697024,0.00019830973998287925,0.00006742958424844912,3.5,1.0,5.743111816196278,signatures/a0e45b07597836dbbf25c50a48739743.sig.gz,"GCA_020687125.1 Oscillospiraceae bacterium CLA-AA-H269 strain=CLA-AA-H269, ASM2068712v1",a0e45b07597836dbbf25c50a48739743,0.06372107003306282,60000,214,147185000,/nfs3_ib/nfs-ip34/home/def-ilafores/analysis/MethodsComparison/Feces_RA/preproc/SRR5091454/SRR5091454_unmatched_2.fastq,SRR5091454,57d90ad0a44cdb8421c3143993d6aa13,302557000,31,DNA,1000,302557,true,0.7911209034812484,0.9150155735375681,0.8530682385094083,0.9150155735375681,210,2306493,3114360
369000,0.0012196049008947074,0.01828890266584005,0.00019500457764983127,0.000033393698865898614,1.7627118644067796,1.0,2.776041463147385,signatures/ee3ee74bb22a2bc5e87b48390e19918a.sig.gz,"GCA_018223365.1 Clostridiaceae bacterium Marseille-Q4145 strain=Marseille-Q4145, ASM1822336v1",ee3ee74bb22a2bc5e87b48390e19918a,0.1143831370117793,59000,215,147126000,/nfs3_ib/nfs-ip34/home/def-ilafores/analysis/MethodsComparison/Feces_RA/preproc/SRR5091454/SRR5091454_unmatched_2.fastq,SRR5091454,57d90ad0a44cdb8421c3143993d6aa13,302557000,31,DNA,1000,302557,true,0.8053915517385095,0.9324479119069101,0.8689197318227098,0.9324479119069101,104,2306597,3114360
412000,0.0013617268812157709,0.009238960225493267,0.00019500457764983127,0.0003137081133844514,16.559322033898304,15.0,11.826816965708144,signatures/a8aca255164075bdd16df9fabf1362ee.sig.gz,"GCF_900130125.1 Bacteroides congonensis strain=Marseille-P3132, PRJEB18268",a8aca255164075bdd16df9fabf1362ee,0.06451612903225806,59000,216,147067000,/nfs3_ib/nfs-ip34/home/def-ilafores/analysis/MethodsComparison/Feces_RA/preproc/SRR5091454/SRR5091454_unmatched_2.fastq,SRR5091454,57d90ad0a44cdb8421c3143993d6aa13,302557000,31,DNA,1000,302557,true,0.8082603799408713,0.9153816523112753,0.8618210161260733,0.9153816523112753,977,2307574,3114360
341000,0.0011270603555693637,0.01454823889739663,0.0001883942529837353,0.00005843897301532257,3.192982456140351,2.0,3.0690223398501404,signatures/6501011acd325617cc2e04b178f8f630.sig.gz,GCF_025145645.1 Alistipes senegalensis JC50 strain=JC50 ASM2514564v1,6501011acd325617cc2e04b178f8f630,0.08703420112302195,57000,217,147010000,/nfs3_ib/nfs-ip34/home/def-ilafores/analysis/MethodsComparison/Feces_RA/preproc/SRR5091454/SRR5091454_unmatched_2.fastq,SRR5091454,57d90ad0a44cdb8421c3143993d6aa13,302557000,31,DNA,1000,302557,true,0.8033439396050267,0.9242648774114198,0.8638044085082233,0.9242648774114198,182,2307756,3114360
428000,0.0014146094785445387,0.023638666103841282,0.0001850890906506873,0.000040136657290743524,2.232142857142857,2.0,1.3227551256559087,signatures/b4873de6b6ee937cbeede334b7efcfc7.sig.gz,GCA_958421935.1 uncultured Erysipelotrichaceae bacterium ERR9578272_bin.20_MetaWRAP_v1.3_MAG,b4873de6b6ee937cbeede334b7efcfc7,0.18066694807935837,56000,218,146954000,/nfs3_ib/nfs-ip34/home/def-ilafores/analysis/MethodsComparison/Feces_RA/preproc/SRR5091454/SRR5091454_unmatched_2.fastq,SRR5091454,57d90ad0a44cdb8421c3143993d6aa13,302557000,31,DNA,1000,302557,true,0.8092543647036461,0.9462989221627606,0.8777766434332033,0.9462989221627606,125,2307881,3114360
334000,0.001103924219238028,0.022430668841761828,0.00018178392831763932,0.0002472418089109801,14.0,13.0,4.725174359457302,signatures/28c3e2e5f4279d6d083ab85ab55e37f0.sig.gz,"GCA_002474415.1 Lachnospiraceae bacterium UBA7598, ASM247441v1",28c3e2e5f4279d6d083ab85ab55e37f0,0.1362153344208809,55000,219,146899000,/nfs3_ib/nfs-ip34/home/def-ilafores/analysis/MethodsComparison/Feces_RA/preproc/SRR5091454/SRR5091454_unmatched_2.fastq,SRR5091454,57d90ad0a44cdb8421c3143993d6aa13,302557000,31,DNA,1000,302557,true,0.8028066179059912,0.937717036747351,0.8702618273266711,0.937717036747351,770,2308651,3114360
323000,0.0010675674335745,0.015080888401425829,0.00018178392831763932,0.00004976945504052197,2.8181818181818183,2.0,2.770565476189155,signatures/58207c8665731f3a2852f89886c5ff46.sig.gz,"GCA_900553145.1 uncultured Desulfovibrio sp., UMGS1582",58207c8665731f3a2852f89886c5ff46,0.08856594461200987,55000,220,146844000,/nfs3_ib/nfs-ip34/home/def-ilafores/analysis/MethodsComparison/Feces_RA/preproc/SRR5091454/SRR5091454_unmatched_2.fastq,SRR5091454,57d90ad0a44cdb8421c3143993d6aa13,302557000,31,DNA,1000,302557,true,0.801939830508836,0.9247851837904522,0.863362507149644,0.9247851837904522,155,2308806,3114360
1590000,0.005255208109546301,0.01650366748166259,0.00017847876598459133,0.0005866373829615073,33.833333333333336,28.0,35.577120196574114,signatures/b0a316f942f0beea5fd102847b2e7868.sig.gz,"GCA_019414725.1 Bacteroides sp., ASM1941472v1",b0a316f942f0beea5fd102847b2e7868,0.48594132029339854,54000,221,146790000,/nfs3_ib/nfs-ip34/home/def-ilafores/analysis/MethodsComparison/Feces_RA/preproc/SRR5091454/SRR5091454_unmatched_2.fastq,SRR5091454,57d90ad0a44cdb8421c3143993d6aa13,302557000,31,DNA,1000,302557,true,0.8442491704014157,0.976989285602672,0.9106192280020438,0.976989285602672,1827,2310633,3114360
151000,0.0004990795122902462,0.01397877297437225,0.00017847876598459133,0.00001990778201620879,1.1481481481481481,1.0,0.4040263746161376,signatures/105b1e5a96baf917fdd4f7216cdfb09b.sig.gz,"GCF_000157995.1 Holdemania filiformis DSM 12042 strain=DSM 12042, ASM15799v1",105b1e5a96baf917fdd4f7216cdfb09b,0.039088791095003884,54000,222,146736000,/nfs3_ib/nfs-ip34/home/def-ilafores/analysis/MethodsComparison/Feces_RA/preproc/SRR5091454/SRR5091454_unmatched_2.fastq,SRR5091454,57d90ad0a44cdb8421c3143993d6aa13,302557000,31,DNA,1000,302557,true,0.7825090094530328,0.9007044953791837,0.8416067524161083,0.9007044953791837,62,2310695,3114360
69000,0.00022805620098031114,0.014937993235625705,0.00017517360365154334,0.00001926559549955689,1.1320754716981132,1.0,0.43600830219967324,signatures/7034cfadfc4f7e0884e7ba5712a8a4a6.sig.gz,"GCF_000313565.1 Dielma fastidiosa strain=JC13, ASM31356v2",7034cfadfc4f7e0884e7ba5712a8a4a6,0.019447576099210825,53000,223,146683000,/nfs3_ib/nfs-ip34/home/def-ilafores/analysis/MethodsComparison/Feces_RA/preproc/SRR5091454/SRR5091454_unmatched_2.fastq,SRR5091454,57d90ad0a44cdb8421c3143993d6aa13,302557000,31,DNA,1000,302557,true,0.7629876004836629,0.8806475115447484,0.8218175560142056,0.8806475115447484,60,2310755,3114360
248000,0.0008196802585959009,0.010926665265812145,0.00017186844131849535,0.0003525603976418911,21.115384615384617,2.0,34.418607359165165,signatures/139179081df196f50a8ccc12fef01ea2.sig.gz,"GCF_000374365.1 Bacteroides gallinarum DSM 18171 = JCM 13658 strain=DSM 18171, ASM37436v1",139179081df196f50a8ccc12fef01ea2,0.052111788190796385,52000,224,146631000,/nfs3_ib/nfs-ip34/home/def-ilafores/analysis/MethodsComparison/Feces_RA/preproc/SRR5091454/SRR5091454_unmatched_2.fastq,SRR5091454,57d90ad0a44cdb8421c3143993d6aa13,302557000,31,DNA,1000,302557,true,0.7951336705311521,0.9090982838709083,0.8521159772010303,0.9090982838709083,1098,2311853,3114360
387000,0.0012790978228895712,0.015805471124620062,0.00017186844131849535,0.00003371479212422456,2.019230769230769,1.5,1.823884112118385,signatures/adb0ed78ca86ef0f7a6de3e9b273ca7a.sig.gz,"GCA_902363045.1 Clostridiales bacterium, MGYG-HGUT-00086",adb0ed78ca86ef0f7a6de3e9b273ca7a,0.117629179331307,52000,225,146579000,/nfs3_ib/nfs-ip34/home/def-ilafores/analysis/MethodsComparison/Feces_RA/preproc/SRR5091454/SRR5091454_unmatched_2.fastq,SRR5091454,57d90ad0a44cdb8421c3143993d6aa13,302557000,31,DNA,1000,302557,true,0.8066298972456264,0.9332900055543751,0.8699599514000007,0.9332900055543751,105,2311958,3114360
496000,0.0016393605171918018,0.028245518739815317,0.00017186844131849535,0.00005233820110712955,3.1346153846153846,2.0,2.4963731087769814,signatures/843375e6c818375c838800026896881f.sig.gz,"GCA_019421265.1 Lachnospiraceae bacterium, ASM1942126v1",843375e6c818375c838800026896881f,0.269418794133623,52000,226,146527000,/nfs3_ib/nfs-ip34/home/def-ilafores/analysis/MethodsComparison/Feces_RA/preproc/SRR5091454/SRR5091454_unmatched_2.fastq,SRR5091454,57d90ad0a44cdb8421c3143993d6aa13,302557000,31,DNA,1000,302557,true,0.8131127843167675,0.958576341593924,0.8858445629553457,0.958576341593924,163,2312121,3114360
56000,0.0001850890906506873,0.013468013468013467,0.00017186844131849535,0.000017339035949601204,1.0384615384615385,1.0,0.19230769230769235,signatures/24c512d403ae80e3b49dc2077a8cdc1e.sig.gz,"GCF_900240215.1 Raoultibacter timonensis strain=Marseille-P3277, PRJEB23748",24c512d403ae80e3b49dc2077a8cdc1e,0.014504014504014505,52000,227,146475000,/nfs3_ib/nfs-ip34/home/def-ilafores/analysis/MethodsComparison/Feces_RA/preproc/SRR5091454/SRR5091454_unmatched_2.fastq,SRR5091454,57d90ad0a44cdb8421c3143993d6aa13,302557000,31,DNA,1000,302557,true,0.7578668828251943,0.872354827137146,0.8151108549811701,0.872354827137146,54,2312175,3114360
518000,0.0017120740885188577,0.014249790444258172,0.00016856327898544737,0.00006421865166518964,3.9215686274509802,3.0,2.982584333110097,signatures/e10a6daf2b20df057b3f9f1ce4135078.sig.gz,"GCF_018919065.1 Blautia sp. MSJ-9 strain=MSJ-9, ASM1891906v1",e10a6daf2b20df057b3f9f1ce4135078,0.14473316568873987,51000,228,146424000,/nfs3_ib/nfs-ip34/home/def-ilafores/analysis/MethodsComparison/Feces_RA/preproc/SRR5091454/SRR5091454_unmatched_2.fastq,SRR5091454,57d90ad0a44cdb8421c3143993d6aa13,302557000,31,DNA,1000,302557,true,0.814251921459033,0.9395535771358151,0.8769027492974241,0.9395535771358151,200,2312375,3114360
287000,0.0009485815895847725,0.027657266811279828,0.00016856327898544737,0.000040136657290743524,2.450980392156863,2.0,1.741238296023006,signatures/a2529243a6fbf5d414c6a4341984a615.sig.gz,"GCA_019421285.1 Clostridiales bacterium, ASM1942128v1",a2529243a6fbf5d414c6a4341984a615,0.15563991323210413,51000,229,146373000,/nfs3_ib/nfs-ip34/home/def-ilafores/analysis/MethodsComparison/Feces_RA/preproc/SRR5091454/SRR5091454_unmatched_2.fastq,SRR5091454,57d90ad0a44cdb8421c3143993d6aa13,302557000,31,DNA,1000,302557,true,0.79888870388187,0.9417581481884794,0.8703234260351747,0.9417581481884794,125,2312500,3114360
179000,0.0005916240576155898,0.013873473917869035,0.00016525811665239938,0.00003885228425743973,2.42,2.0,1.601124604770035,signatures/437bc68a6cbcbe0d3854d11ef130de0e.sig.gz,"GCA_900756035.1 uncultured Anaerostipes sp., ERS473319_7",437bc68a6cbcbe0d3854d11ef130de0e,0.04966703662597114,50000,230,146323000,/nfs3_ib/nfs-ip34/home/def-ilafores/analysis/MethodsComparison/Feces_RA/preproc/SRR5091454/SRR5091454_unmatched_2.fastq,SRR5091454,57d90ad0a44cdb8421c3143993d6aa13,302557000,31,DNA,1000,302557,true,0.7868146651716813,0.9076902812802761,0.8472524732259787,0.9076902812802761,121,2312621,3114360
276000,0.0009122248039212446,0.009838646202282565,0.00016525811665239938,0.00036957834033316634,23.02,2.0,33.29233545427536,signatures/dec6823a28f0aea55b13c3be158528c4.sig.gz,"GCF_000025985.1 Bacteroides fragilis NCTC 9343, ASM2598v1",dec6823a28f0aea55b13c3be158528c4,0.05430932703659976,50000,231,146273000,/nfs3_ib/nfs-ip34/home/def-ilafores/analysis/MethodsComparison/Feces_RA/preproc/SRR5091454/SRR5091454_unmatched_2.fastq,SRR5091454,57d90ad0a44cdb8421c3143993d6aa13,302557000,31,DNA,1000,302557,true,0.7978821884961026,0.9103103853910629,0.8540962869435827,0.9103103853910629,1151,2313772,3114360
603000,0.0019930128868279363,0.012804097311139564,0.00016525811665239938,0.0001499505516382178,9.34,1.0,28.300254415817534,signatures/81c6a95163157fb91174ff63c1c0eb2b.sig.gz,GCA_026015295.1 Segatella copri strain=Ind63-31 ASM2601529v1,81c6a95163157fb91174ff63c1c0eb2b,0.15441741357234315,50000,232,146223000,/nfs3_ib/nfs-ip34/home/def-ilafores/analysis/MethodsComparison/Feces_RA/preproc/SRR5091454/SRR5091454_unmatched_2.fastq,SRR5091454,57d90ad0a44cdb8421c3143993d6aa13,302557000,31,DNA,1000,302557,true,0.8182526543518491,0.9415186173408711,0.87988563584636,0.9415186173408711,467,2314239,3114360
826000,0.0027300640870976376,0.011394712853236098,0.00016525811665239938,0.00004431086964898085,2.76,2.0,1.8282231811242302,signatures/25b34dd87c6b4bbf7d36e3fcfbbf0b67.sig.gz,"GCF_011881725.1 Escherichia coli strain=SCPM-O-B-8794, ASM1188172v1",25b34dd87c6b4bbf7d36e3fcfbbf0b67,0.18824065633546036,50000,233,146173000,/nfs3_ib/nfs-ip34/home/def-ilafores/analysis/MethodsComparison/Feces_RA/preproc/SRR5091454/SRR5091454_unmatched_2.fastq,SRR5091454,57d90ad0a44cdb8421c3143993d6aa13,302557000,31,DNA,1000,302557,true,0.8266009463003862,0.9475533229773186,0.8870771346388524,0.9475533229773186,138,2314377,3114360
