intersect_bp,f_orig_query,f_match,f_unique_to_query,f_unique_weighted,average_abund,median_abund,std_abund,filename,name,md5,f_match_orig,unique_intersect_bp,gather_result_rank,remaining_bp,query_filename,query_name,query_md5,query_bp,ksize,moltype,scaled,query_n_hashes,query_abundance,query_containment_ani,match_containment_ani,average_containment_ani,max_containment_ani,potential_false_negative,n_unique_weighted_found,sum_weighted_found,total_weighted_hashes
5931000,0.0072991892251118694,0.9466879489225858,0.0072991892251118694,0.016118194087753494,25.656887540043837,16.0,79.83696163295961,/net/nfs-ip34/home/def-ilafores/ref_dbs/sourmash_db/RefSeq_20250528.k31.sbt.zip,"NZ_CP103271.1 Bacteroides faecis strain BFG-513 chromosome, complete genome",fd37f3934b2de6fbccbd050c0134acb3,0.9466879489225858,5931000,0,806625000,/nfs3_ib/nfs-ip34/home/def-ilafores/analysis/projet_PROVID19/Feces/preproc/GQ32/GQ32_unmatched_2.fastq,GQ32,9243066a,812556000,31,DNA,1000,812556,True,0.8532442591608032,0.9982342782888463,0.9257392687248247,0.9982342782888463,False,152171,152171,9440946
5783000,0.007117047932696331,0.8812792511700468,0.006952136221995776,0.009428186539781077,15.756948132412816,13.0,24.25795641114769,/net/nfs-ip34/home/def-ilafores/ref_dbs/sourmash_db/RefSeq_20250528.k31.sbt.zip,"NZ_CP103094.1 Bacteroides xylanisolvens strain BFG-514 chromosome, complete genome",183a75b530ce328e418f91cd67bce618,0.9021840873634945,5649000,1,800976000,/nfs3_ib/nfs-ip34/home/def-ilafores/analysis/projet_PROVID19/Feces/preproc/GQ32/GQ32_unmatched_2.fastq,GQ32,9243066a,812556000,31,DNA,1000,812556,True,0.8525490039011727,0.9966849684470531,0.9246169861741129,0.9966849684470531,False,89011,241182,9440946
4860000,0.005981126223915644,0.9567039106145251,0.005901131737381792,0.011819578249891483,23.271741397288842,22.0,14.05991143959024,/net/nfs-ip34/home/def-ilafores/ref_dbs/sourmash_db/RefSeq_20250528.k31.sbt.zip,"NZ_LN877293.1 Bacteroides fragilis strain BE1 chromosome scaffold1, complete sequence",87fbf0c9ccfe08c55ff4f6d7fd5fbf88,0.9696727853152434,4795000,2,796181000,/nfs3_ib/nfs-ip34/home/def-ilafores/analysis/projet_PROVID19/Feces/preproc/GQ32/GQ32_unmatched_2.fastq,GQ32,9243066a,812556000,31,DNA,1000,812556,True,0.8477803018687307,0.9990070546155038,0.9233936782421173,0.9990070546155038,False,111588,352770,9440946
4901000,0.006031584284652381,0.851213040181956,0.005527003677285012,0.02269497145730947,47.70919617011801,55.0,39.697313372286914,/net/nfs-ip34/home/def-ilafores/ref_dbs/sourmash_db/RefSeq_20250528.k31.sbt.zip,"NZ_CP072239.1 Bacteroides uniformis strain CL06T03C05 chromosome, complete genome",94290db9715a9c6fca358ac639119d83,0.928923426838514,4491000,3,791690000,/nfs3_ib/nfs-ip34/home/def-ilafores/analysis/projet_PROVID19/Feces/preproc/GQ32/GQ32_unmatched_2.fastq,GQ32,9243066a,812556000,31,DNA,1000,812556,True,0.8480100767595884,0.9976244722062224,0.9228172744829054,0.9976244722062224,False,214262,567032,9440946
4584000,0.0056414573272488295,0.8108409133098199,0.005375629495074801,0.024011576805968386,51.89835164835165,29.0,87.74968153221155,/net/nfs-ip34/home/def-ilafores/ref_dbs/sourmash_db/RefSeq_20250528.k31.sbt.zip,"NZ_CP046425.1 Phocaeicola dorei strain JR02 chromosome, complete genome",a704e6043e25807eabec9a43255d78f8,0.8509374419899759,4368000,4,787322000,/nfs3_ib/nfs-ip34/home/def-ilafores/analysis/projet_PROVID19/Feces/preproc/GQ32/GQ32_unmatched_2.fastq,GQ32,9243066a,812556000,31,DNA,1000,812556,True,0.8461828825322192,0.9948065436989062,0.9204947131155627,0.9948065436989062,False,226692,793724,9440946
4299000,0.0052907122709080975,0.8051026280452714,0.005165182461270361,0.011177587500235675,25.14343578746724,23.0,17.210325233776306,/net/nfs-ip34/home/def-ilafores/ref_dbs/sourmash_db/RefSeq_20250528.k31.sbt.zip,NZ_LR215978.1 Parabacteroides distasonis ATCC 8503 isolate Parabacteroides distasonis 82G9 chromosome 1,d0938f013a524bbc54ab1b9624844fb8,0.8246690964895453,4197000,5,783125000,/nfs3_ib/nfs-ip34/home/def-ilafores/analysis/projet_PROVID19/Feces/preproc/GQ32/GQ32_unmatched_2.fastq,GQ32,9243066a,812556000,31,DNA,1000,812556,True,0.8444325633028478,0.9938008086957693,0.9191166859993085,0.9938008086957693,False,105527,899251,9440946
4229000,0.005204564362333181,0.931239972495989,0.005000270750569807,0.012101647440839086,28.119862170809746,27.0,12.550744914687943,/net/nfs-ip34/home/def-ilafores/ref_dbs/sourmash_db/RefSeq_20250528.k31.sbt.zip,"NZ_CP102286.1 Parabacteroides merdae ATCC 43184 chromosome, complete genome",a8c995daf67b413b45a7f31c15f510d6,0.9692871877148751,4063000,6,779062000,/nfs3_ib/nfs-ip34/home/def-ilafores/analysis/projet_PROVID19/Feces/preproc/GQ32/GQ32_unmatched_2.fastq,GQ32,9243066a,812556000,31,DNA,1000,812556,True,0.8439854898468424,0.9989942372267917,0.921489863536817,0.9989942372267917,False,114251,1013502,9440946
4140000,0.005095033450002215,0.734375,0.004916584210811316,0.004409727584502655,10.421026282853568,9.0,9.244310685395652,/net/nfs-ip34/home/def-ilafores/ref_dbs/sourmash_db/RefSeq_20250528.k31.sbt.zip,"NZ_CP133452.1 Bacteroides salyersiae strain CSP6 chromosome, complete genome",d37848e0abc0eaa6dbc2ce09b1d4cada,0.7610294117647058,3995000,7,775067000,/nfs3_ib/nfs-ip34/home/def-ilafores/analysis/projet_PROVID19/Feces/preproc/GQ32/GQ32_unmatched_2.fastq,GQ32,9243066a,812556000,31,DNA,1000,812556,True,0.8434066117566001,0.9912295489326615,0.9173180803446308,0.9912295489326615,False,41632,1055134,9440946
4209000,0.005179950674168919,0.6904227459783016,0.004542456150714536,0.00250292714310621,6.402059062584666,4.0,21.259446363900754,/net/nfs-ip34/home/def-ilafores/ref_dbs/sourmash_db/RefSeq_20250528.k31.sbt.zip,"NZ_CP072258.1 Bacteroides caccae CL03T12C61 chromosome, complete genome",8ecf5298bc316c4919161fc4689e0594,0.787317620650954,3691000,8,771376000,/nfs3_ib/nfs-ip34/home/def-ilafores/analysis/projet_PROVID19/Feces/preproc/GQ32/GQ32_unmatched_2.fastq,GQ32,9243066a,812556000,31,DNA,1000,812556,True,0.8438564388497266,0.992316011753683,0.9180862253017048,0.992316011753683,False,23630,1078764,9440946
3536000,0.0043517000674415055,0.7892386693458361,0.004350469383033293,0.016101458476724683,43.002263083451204,36.0,91.54479968018524,/net/nfs-ip34/home/def-ilafores/ref_dbs/sourmash_db/RefSeq_20250528.k31.sbt.zip,"NZ_CP102267.1 Blautia wexlerae DSM 19850 chromosome, complete genome",20e22b7a195404638366fe78b372a400,0.7894619334672918,3535000,9,767841000,/nfs3_ib/nfs-ip34/home/def-ilafores/analysis/projet_PROVID19/Feces/preproc/GQ32/GQ32_unmatched_2.fastq,GQ32,9243066a,812556000,31,DNA,1000,812556,True,0.8391270249542483,0.9924030789945868,0.9157650519744176,0.9924030789945868,False,152013,1230777,9440946
5153000,0.0063417167555220805,0.48943908238914535,0.004306164744337621,0.001743363429893572,4.703915404401258,4.0,3.841131181890348,/net/nfs-ip34/home/def-ilafores/ref_dbs/sourmash_db/RefSeq_20250528.k31.sbt.zip,"NZ_OU901070.1 Bacteroides ovatus strain VPIC145 chromosome BOVAC1_1_1, complete sequence",d7ca7470d77ebe0344d62e56d1ab47e0,0.7208001119037628,3499000,10,764342000,/nfs3_ib/nfs-ip34/home/def-ilafores/analysis/projet_PROVID19/Feces/preproc/GQ32/GQ32_unmatched_2.fastq,GQ32,9243066a,812556000,31,DNA,1000,812556,True,0.8493827690993004,0.9894944943953871,0.9194386317473437,0.9894944943953871,False,16459,1247236,9440946
3413000,0.004200325885231295,0.7860987596536392,0.004133868927187788,0.004884891831814312,13.729681452813338,13.0,9.871495719200462,/net/nfs-ip34/home/def-ilafores/ref_dbs/sourmash_db/RefSeq_20250528.k31.sbt.zip,NZ_CP086000.1 Odoribacter splanchnicus DSM 20712 strain FDAARGOS_1579 chromosome,94b446c5e7bea3e86631516523bd0558,0.7987362508776036,3359000,11,760983000,/nfs3_ib/nfs-ip34/home/def-ilafores/analysis/projet_PROVID19/Feces/preproc/GQ32/GQ32_unmatched_2.fastq,GQ32,9243066a,812556000,31,DNA,1000,812556,True,0.838169221948827,0.9927770349155057,0.9154731284321664,0.9927770349155057,False,46118,1293354,9440946
2961000,0.003644056532718976,0.8168508287292817,0.0036391337950861234,0.003346062989874108,10.683124788637132,4.0,40.57388492556483,/net/nfs-ip34/home/def-ilafores/ref_dbs/sourmash_db/RefSeq_20250528.k31.sbt.zip,"NZ_CP034413.3 Dysosmobacter welbionis strain J115 chromosome, complete genome",74059216b7cd65a7ff314267c1b83b8e,0.8179558011049723,2957000,12,758026000,/nfs3_ib/nfs-ip34/home/def-ilafores/analysis/projet_PROVID19/Feces/preproc/GQ32/GQ32_unmatched_2.fastq,GQ32,9243066a,812556000,31,DNA,1000,812556,True,0.8343369068979422,0.9935388033417921,0.9139378551198671,0.9935388033417921,False,31590,1324944,9440946
2998000,0.0036895918558228604,0.7771181867242309,0.003544371095653715,0.008304464404308636,27.222916666666666,22.0,46.69563419211871,/net/nfs-ip34/home/def-ilafores/ref_dbs/sourmash_db/RefSeq_20250528.k31.sbt.zip,"NZ_CP085976.1 Blautia massiliensis (ex Durand et al. 2017) strain FDAARGOS_1576 chromosome, complete genome",cc558956f3e16df0c5e2090af905f606,0.8089584457636265,2880000,13,755146000,/nfs3_ib/nfs-ip34/home/def-ilafores/analysis/projet_PROVID19/Feces/preproc/GQ32/GQ32_unmatched_2.fastq,GQ32,9243066a,812556000,31,DNA,1000,812556,True,0.8346712025030139,0.9931843734860727,0.9139277879945433,0.9931843734860727,False,78402,1403346,9440946
2784000,0.003426225392465258,0.9896760412958349,0.0034213026548324055,0.006540340343012236,22.21115107913669,21.0,9.694896942854564,/net/nfs-ip34/home/def-ilafores/ref_dbs/sourmash_db/RefSeq_20250528.k31.sbt.zip,"NZ_AP031435.1 Sutterella wadsworthensis strain i38-0019-A4 chromosome, complete genome",44c14c79773d025792ea42fb56ac9255,0.9911000355998576,2780000,14,752366000,/nfs3_ib/nfs-ip34/home/def-ilafores/analysis/projet_PROVID19/Feces/preproc/GQ32/GQ32_unmatched_2.fastq,GQ32,9243066a,812556000,31,DNA,1000,812556,True,0.8326796159017134,0.9997116607503368,0.916195638326025,0.9997116607503368,False,61747,1465093,9440946
2924000,0.0035985212096150913,0.7773426573426574,0.003420071970424192,0.004117172156264849,13.987045699892047,10.0,28.582636102958894,/net/nfs-ip34/home/def-ilafores/ref_dbs/sourmash_db/RefSeq_20250528.k31.sbt.zip,"NZ_CP102265.1 Blautia obeum ATCC 29174 chromosome, complete genome",6fb5d9fae55cc8ecb2a67f82352fb7a7,0.8179020979020979,2779000,15,749587000,/nfs3_ib/nfs-ip34/home/def-ilafores/analysis/projet_PROVID19/Feces/preproc/GQ32/GQ32_unmatched_2.fastq,GQ32,9243066a,812556000,31,DNA,1000,812556,True,0.8339985440607532,0.993536699043571,0.9137676215521622,0.993536699043571,False,38870,1503963,9440946
2849000,0.003506219878999109,0.8608263435849642,0.0034102264951584877,0.0034674491306273757,11.813785636954169,9.0,15.584902258764853,/net/nfs-ip34/home/def-ilafores/ref_dbs/sourmash_db/RefSeq_20250528.k31.sbt.zip,"NZ_AP019738.1 Alistipes onderdonkii subsp. vulgaris strain 5NYCFAH2 chromosome, complete genome",7fbb97287421b4f5df527beb1443bd37,0.8850574712643678,2771000,16,746816000,/nfs3_ib/nfs-ip34/home/def-ilafores/analysis/projet_PROVID19/Feces/preproc/GQ32/GQ32_unmatched_2.fastq,GQ32,9243066a,812556000,31,DNA,1000,812556,True,0.8332997716764575,0.9960689502141382,0.9146843609452979,0.9960689502141382,False,32736,1536699,9440946
2741000,0.0033733059629120947,0.9782298358315489,0.0033733059629120947,0.015229406036217133,52.45530828164903,51.0,15.68417517956551,/net/nfs-ip34/home/def-ilafores/ref_dbs/sourmash_db/RefSeq_20250528.k31.sbt.zip,"NZ_CP025827.1 Akkermansia muciniphila strain EB-AMDK-12 chromosome, complete genome",1adfa72f3543aa827fa1d5f491fed38e,0.9782298358315489,2741000,17,744075000,/nfs3_ib/nfs-ip34/home/def-ilafores/analysis/projet_PROVID19/Feces/preproc/GQ32/GQ32_unmatched_2.fastq,GQ32,9243066a,812556000,31,DNA,1000,812556,True,0.83226161025714,0.9992902316630492,0.9157759209600946,0.9992902316630492,False,143780,1680479,9440946
2574000,0.0031677816667405076,0.5429805615550756,0.003093940602247722,0.001778847162138201,6.68019093078759,3.0,25.846933881090074,/net/nfs-ip34/home/def-ilafores/ref_dbs/sourmash_db/RefSeq_20250528.k31.sbt.zip,"NZ_CP095094.1 Flavonifractor plautii strain VE303-08 chromosome, complete genome",3191b17cd9816a6b0abb68f0b35dbdf7,0.555939524838013,2514000,18,741561000,/nfs3_ib/nfs-ip34/home/def-ilafores/analysis/projet_PROVID19/Feces/preproc/GQ32/GQ32_unmatched_2.fastq,GQ32,9243066a,812556000,31,DNA,1000,812556,True,0.8305756625874166,0.9812396351276694,0.905907648857543,0.9812396351276694,False,16794,1697273,9440946
2638000,0.003246545468866146,0.6847372810675563,0.003031175697428854,0.005198949342576475,19.92813641900122,18.0,13.681996494443341,/net/nfs-ip34/home/def-ilafores/ref_dbs/sourmash_db/RefSeq_20250528.k31.sbt.zip,"NC_018011.1 Alistipes finegoldii DSM 17242, complete sequence",79a393fb99d8977a1fe96a36cabdd09c,0.7333889352237976,2463000,19,739098000,/nfs3_ib/nfs-ip34/home/def-ilafores/analysis/projet_PROVID19/Feces/preproc/GQ32/GQ32_unmatched_2.fastq,GQ32,9243066a,812556000,31,DNA,1000,812556,True,0.8312339521165163,0.990047307195729,0.9106406296561227,0.990047307195729,False,49083,1746356,9440946
2453000,0.0030188688533467232,0.8687943262411347,0.003015176800122084,0.0030362423426635423,11.7,11.0,7.459509750264136,/net/nfs-ip34/home/def-ilafores/ref_dbs/sourmash_db/RefSeq_20250528.k31.sbt.zip,"NZ_AP022829.1 Adlercreutzia hattorii strain 8CFCBH1 chromosome, complete genome",f3e4bb91c6d34cbbb5aaeca9878d8095,0.8698581560283688,2450000,20,736648000,/nfs3_ib/nfs-ip34/home/def-ilafores/analysis/projet_PROVID19/Feces/preproc/GQ32/GQ32_unmatched_2.fastq,GQ32,9243066a,812556000,31,DNA,1000,812556,True,0.8292866099532866,0.995512514481568,0.9123995622174272,0.995512514481568,False,28665,1775021,9440946
4214000,0.005186104096209984,0.4896,0.003012715431305658,0.01718662515387759,66.28186274509804,68.0,34.7985420276358,/net/nfs-ip34/home/def-ilafores/ref_dbs/sourmash_db/RefSeq_20250528.k31.sbt.zip,NZ_CP068488.1 Phocaeicola vulgatus strain FDAARGOS_1098 chromosome,bca43bd2d776e339740f17809f096165,0.8428,2448000,21,734200000,/nfs3_ib/nfs-ip34/home/def-ilafores/analysis/projet_PROVID19/Feces/preproc/GQ32/GQ32_unmatched_2.fastq,GQ32,9243066a,812556000,31,DNA,1000,812556,True,0.8438887571447564,0.9944982357033642,0.9191934964240602,0.9944982357033642,False,162258,1937279,9440946
2575000,0.003169012351148721,0.8489838822704976,0.0029819483211003302,0.003962102950276381,15.437886917044986,12.0,23.724380381945252,/net/nfs-ip34/home/def-ilafores/ref_dbs/sourmash_db/RefSeq_20250528.k31.sbt.zip,"NZ_CP172594.1 [Ruminococcus] torques strain CIP112193 chromosome, complete genome",534586fd213cdbccf2580b51187bb263,0.9022424667133847,2423000,22,731777000,/nfs3_ib/nfs-ip34/home/def-ilafores/analysis/projet_PROVID19/Feces/preproc/GQ32/GQ32_unmatched_2.fastq,GQ32,9243066a,812556000,31,DNA,1000,812556,True,0.8305860696301438,0.9966870488463989,0.9136365592382714,0.9966870488463989,False,37406,1974685,9440946
2650000,0.003261313681764703,0.6152464065708418,0.0029499505264867897,0.026728465558430267,105.27409261576972,104.0,37.61305816903842,/net/nfs-ip34/home/def-ilafores/ref_dbs/sourmash_db/RefSeq_20250528.k31.sbt.zip,"NZ_CP102262.1 Bacteroides stercoris ATCC 43183 chromosome, complete genome",0878062848e44bf823b15b8a5d1eba75,0.6801848049281314,2397000,23,729380000,/nfs3_ib/nfs-ip34/home/def-ilafores/analysis/projet_PROVID19/Feces/preproc/GQ32/GQ32_unmatched_2.fastq,GQ32,9243066a,812556000,31,DNA,1000,812556,True,0.8313556586556121,0.9876449980264194,0.9095003283410157,0.9876449980264194,False,252342,2227027,9440946
2440000,0.003002869956039953,0.7327586206896551,0.002929028891547167,0.006893906606393046,27.346638655462186,23.0,33.01822149792803,/net/nfs-ip34/home/def-ilafores/ref_dbs/sourmash_db/RefSeq_20250528.k31.sbt.zip,NZ_CP073280.1 Anaerobutyricum hallii strain EHAL chromosome,03d45a9b9bd5d52d6fdc9c5ba2260f24,0.7512315270935961,2380000,24,727000000,/nfs3_ib/nfs-ip34/home/def-ilafores/analysis/projet_PROVID19/Feces/preproc/GQ32/GQ32_unmatched_2.fastq,GQ32,9243066a,812556000,31,DNA,1000,812556,True,0.829144473690398,0.9908152980503033,0.9099798858703507,0.9908152980503033,False,65085,2292112,9440946
2606000,0.0032071635678033268,0.6826666666666666,0.002835496876522972,0.0030120922204194367,12.342447916666666,7.0,28.133106922606594,/net/nfs-ip34/home/def-ilafores/ref_dbs/sourmash_db/RefSeq_20250528.k31.sbt.zip,"NZ_CP094679.1 Dorea longicatena strain VE303-06 chromosome, complete genome",80788e4d9f7a77cc8143de8cf6b02058,0.7721481481481481,2304000,25,724696000,/nfs3_ib/nfs-ip34/home/def-ilafores/analysis/projet_PROVID19/Feces/preproc/GQ32/GQ32_unmatched_2.fastq,GQ32,9243066a,812556000,31,DNA,1000,812556,True,0.8309067630561674,0.9916934386424326,0.9113001008493,0.9916934386424326,False,28437,2320549,9440946
2409000,0.002964718739385347,0.7106741573033708,0.0028022683975012183,0.0019070122845740247,7.90689503732982,4.0,29.259851230795267,/net/nfs-ip34/home/def-ilafores/ref_dbs/sourmash_db/RefSeq_20250528.k31.sbt.zip,"NZ_AP019739.1 Alistipes communis strain 6CPBBH3 chromosome, complete genome",fd3fc44b40474382e7e9ffb3487da7b2,0.75187265917603,2277000,26,722419000,/nfs3_ib/nfs-ip34/home/def-ilafores/analysis/projet_PROVID19/Feces/preproc/GQ32/GQ32_unmatched_2.fastq,GQ32,9243066a,812556000,31,DNA,1000,812556,True,0.8288025537910284,0.9908425643015661,0.9098225590462973,0.9908425643015661,False,18004,2338553,9440946
2316000,0.002850265089421529,0.7810773480662984,0.0027838081313780218,0.014314561273838448,59.744916003536694,53.0,63.540562650294675,/net/nfs-ip34/home/def-ilafores/ref_dbs/sourmash_db/RefSeq_20250528.k31.sbt.zip,"NZ_CP155552.1 Faecalibacterium taiwanense strain HLW78 chromosome, complete genome",1be8a5fa3d48a02ef6804d87b6dc2cbb,0.7997237569060773,2262000,27,720157000,/nfs3_ib/nfs-ip34/home/def-ilafores/analysis/projet_PROVID19/Feces/preproc/GQ32/GQ32_unmatched_2.fastq,GQ32,9243066a,812556000,31,DNA,1000,812556,True,0.8277506382756875,0.9928166049760667,0.9102836216258772,0.9928166049760667,False,135143,2473696,9440946
2367000,0.002913029994240397,0.6838101034692635,0.0027653478652548257,0.0025139429883403635,10.562527814864264,7.0,20.039713184414065,/net/nfs-ip34/home/def-ilafores/ref_dbs/sourmash_db/RefSeq_20250528.k31.sbt.zip,"NZ_CP173382.1 Eubacterium ramulus strain JCM 31335 chromosome, complete genome",dcf539ba4c82009d09e4501c72acd6ed,0.7203286670724285,2247000,28,717910000,/nfs3_ib/nfs-ip34/home/def-ilafores/analysis/projet_PROVID19/Feces/preproc/GQ32/GQ32_unmatched_2.fastq,GQ32,9243066a,812556000,31,DNA,1000,812556,True,0.8283324515150171,0.9894736108031813,0.9089030311590992,0.9894736108031813,False,23734,2497430,9440946
2624000,0.0032293158871511624,0.607993430057487,0.002733350070641285,0.00572760399222705,24.34669067987393,24.0,11.302979174334622,/net/nfs-ip34/home/def-ilafores/ref_dbs/sourmash_db/RefSeq_20250528.k31.sbt.zip,"NZ_CP102253.1 Alistipes shahii WAL 8301 chromosome, complete genome",00191848f4049b7a1cb875559983f7c7,0.718313714754996,2221000,29,715689000,/nfs3_ib/nfs-ip34/home/def-ilafores/analysis/projet_PROVID19/Feces/preproc/GQ32/GQ32_unmatched_2.fastq,GQ32,9243066a,812556000,31,DNA,1000,812556,True,0.8310912821631301,0.9893842051246733,0.9102377436439018,0.9893842051246733,False,54074,2551504,9440946
2328000,0.0028650333023200864,0.76423886779427,0.002724735279783793,0.005174905141921159,22.066847335140018,21.0,20.833903586714698,/net/nfs-ip34/home/def-ilafores/ref_dbs/sourmash_db/RefSeq_20250528.k31.sbt.zip,"NZ_CP143954.1 Anaerostipes hadrus strain DFI.4.30 chromosome, complete genome",6a297f754ff6c4bf21b2d1fd8119290f,0.803589920607525,2214000,30,713475000,/nfs3_ib/nfs-ip34/home/def-ilafores/analysis/projet_PROVID19/Feces/preproc/GQ32/GQ32_unmatched_2.fastq,GQ32,9243066a,812556000,31,DNA,1000,812556,True,0.8278886430237372,0.9929710712603933,0.9104298571420653,0.9929710712603933,False,48856,2600360,9440946
2249000,0.0027678092340712515,0.5001136105430584,0.002708736382477023,0.0009986287391115256,4.283507496592458,2.0,13.22875812354273,/net/nfs-ip34/home/def-ilafores/ref_dbs/sourmash_db/RefSeq_20250528.k31.sbt.zip,NZ_LR215981.1 Ruthenibacterium lactatiformans isolate Ruthenibacterium lactatiformans 82B1 chromosome 1,8e291018769da4b390c897ca0d5c97dc,0.5110202226766644,2201000,31,711274000,/nfs3_ib/nfs-ip34/home/def-ilafores/analysis/projet_PROVID19/Feces/preproc/GQ32/GQ32_unmatched_2.fastq,GQ32,9243066a,812556000,31,DNA,1000,812556,True,0.8269671591691097,0.9785764882838123,0.902771823726461,0.9785764882838123,False,9428,2609788,9440946
2165000,0.0026644317437813517,0.6507263922518159,0.002645971477658155,0.0006852067578821021,3.0088372093023255,2.0,3.366236743116635,/net/nfs-ip34/home/def-ilafores/ref_dbs/sourmash_db/RefSeq_20250528.k31.sbt.zip,NZ_LR698982.1 Gordonibacter urolithinfaciens isolate MGYG-HGUT-02352 chromosome 1,096843fa27e2a58a7263bd28bcb7a245,0.6552663438256658,2150000,32,709124000,/nfs3_ib/nfs-ip34/home/def-ilafores/analysis/projet_PROVID19/Feces/preproc/GQ32/GQ32_unmatched_2.fastq,GQ32,9243066a,812556000,31,DNA,1000,812556,True,0.8259523383998945,0.9864566288412682,0.9062044836205814,0.9864566288412682,False,6469,2616257,9440946
2418000,0.002975794899059265,0.6165545481134834,0.0025942827325132053,0.002759998839099387,12.36100569259962,9.0,17.84059017555506,/net/nfs-ip34/home/def-ilafores/ref_dbs/sourmash_db/RefSeq_20250528.k31.sbt.zip,"NZ_CP070062.1 Coprococcus comes strain FDAARGOS_1339 chromosome, complete genome",8c91537000df08516afde1ea4eac7752,0.7072243346007605,2108000,33,707016000,/nfs3_ib/nfs-ip34/home/def-ilafores/analysis/projet_PROVID19/Feces/preproc/GQ32/GQ32_unmatched_2.fastq,GQ32,9243066a,812556000,31,DNA,1000,812556,True,0.8289022574777638,0.9888877711285462,0.908895014303155,0.9888877711285462,False,26057,2642314,9440946
2116000,0.0026041282077789102,0.5063322572634715,0.0025093655083465016,0.003923335648779265,18.165767533104464,18.0,8.957530732782603,/net/nfs-ip34/home/def-ilafores/ref_dbs/sourmash_db/RefSeq_20250528.k31.sbt.zip,"NZ_AP025941.1 Paraprevotella clara strain 1C4 chromosome, complete genome",9fb8a945f847c19c6bae95891438e391,0.5254531909610132,2039000,34,704977000,/nfs3_ib/nfs-ip34/home/def-ilafores/analysis/projet_PROVID19/Feces/preproc/GQ32/GQ32_unmatched_2.fastq,GQ32,9243066a,812556000,31,DNA,1000,812556,True,0.8253426151456629,0.9794560853120953,0.9023993502288791,0.9794560853120953,False,37040,2679354,9440946
2400000,0.0029536425797114293,0.6597402597402597,0.00250075071748901,0.0024815309821706426,11.529527559055119,10.0,12.114167950426074,/net/nfs-ip34/home/def-ilafores/ref_dbs/sourmash_db/RefSeq_20250528.k31.sbt.zip,"NZ_CP102279.1 Dorea formicigenerans strain ATCC 27755 chromosome, complete genome",1a61bc75384814965146b3c8fd1a27a5,0.7792207792207793,2032000,35,702945000,/nfs3_ib/nfs-ip34/home/def-ilafores/analysis/projet_PROVID19/Feces/preproc/GQ32/GQ32_unmatched_2.fastq,GQ32,9243066a,812556000,31,DNA,1000,812556,True,0.828702488974502,0.9919851669263738,0.9103438279504379,0.9919851669263738,False,23428,2702782,9440946
2152000,0.0026484328464745814,0.29676945668135096,0.002487213188998666,0.0032548645019259722,15.204849084611578,12.0,18.155401425738933,/net/nfs-ip34/home/def-ilafores/ref_dbs/sourmash_db/RefSeq_20250528.k31.sbt.zip,"NZ_CP012801.1 Bacteroides cellulosilyticus strain WH2 chromosome, complete genome",2b0cd9230817e091c6a0e14360a551e4,0.31600587371512484,2021000,36,700924000,/nfs3_ib/nfs-ip34/home/def-ilafores/analysis/projet_PROVID19/Feces/preproc/GQ32/GQ32_unmatched_2.fastq,GQ32,9243066a,812556000,31,DNA,1000,812556,True,0.8257918869232237,0.963520887883776,0.8946563874034998,0.963520887883776,False,30729,2733511,9440946
2165000,0.0026644317437813517,0.5097394384012143,0.0024798290825493873,0.007954075788591525,37.267493796526054,32.0,32.66608884179716,/net/nfs-ip34/home/def-ilafores/ref_dbs/sourmash_db/RefSeq_20250528.k31.sbt.zip,"NZ_CP143947.1 Agathobacter rectalis strain DFI.5.28 chromosome, complete genome",cc90865ac4b45b3dd14605490161db88,0.547685302302049,2015000,37,698909000,/nfs3_ib/nfs-ip34/home/def-ilafores/analysis/projet_PROVID19/Feces/preproc/GQ32/GQ32_unmatched_2.fastq,GQ32,9243066a,812556000,31,DNA,1000,812556,True,0.8259523383998945,0.9807662643805485,0.9033593013902215,0.9807662643805485,False,75094,2808605,9440946
2269000,0.002792422922235514,0.631396083385976,0.002460138132017978,0.0107847243274138,50.93446723361681,50.0,39.031819699808274,/net/nfs-ip34/home/def-ilafores/ref_dbs/sourmash_db/RefSeq_20250528.k31.sbt.zip,"NZ_CP048437.1 Faecalibacterium duncaniae strain JCM 31915 chromosome, complete genome",1536305f1db2c6485876fc17c9a7e45f,0.7166771951989893,1999000,38,696910000,/nfs3_ib/nfs-ip34/home/def-ilafores/analysis/projet_PROVID19/Feces/preproc/GQ32/GQ32_unmatched_2.fastq,GQ32,9243066a,812556000,31,DNA,1000,812556,True,0.8272033729271276,0.989311412138546,0.9082573925328368,0.989311412138546,False,101818,2910423,9440946
1969000,0.002423217599771585,0.6605166051660517,0.002423217599771585,0.0032059287279050212,15.371762315896394,14.0,10.174452665452112,/net/nfs-ip34/home/def-ilafores/ref_dbs/sourmash_db/RefSeq_20250528.k31.sbt.zip,NZ_OX636706.1 Desulfovibrio piger isolate DSM32187 chromosome 1,a5ad7c2533187a7fdaf238ebeb236ee8,0.6605166051660517,1969000,39,694941000,/nfs3_ib/nfs-ip34/home/def-ilafores/analysis/projet_PROVID19/Feces/preproc/GQ32/GQ32_unmatched_2.fastq,GQ32,9243066a,812556000,31,DNA,1000,812556,True,0.823427869209262,0.9867106098082165,0.9050692395087392,0.9867106098082165,False,30267,2940690,9440946
2084000,0.002564746306716091,0.6804016620498615,0.0024182948621387325,0.0020617637257961227,9.9058524173028,8.0,12.109415988027445,/net/nfs-ip34/home/def-ilafores/ref_dbs/sourmash_db/RefSeq_20250528.k31.sbt.zip,"NZ_CP102282.1 Eubacterium ventriosum strain ATCC 27560 chromosome, complete genome",f264b62f2a1798cf106db911e66dcf25,0.721606648199446,1965000,40,692976000,/nfs3_ib/nfs-ip34/home/def-ilafores/analysis/projet_PROVID19/Feces/preproc/GQ32/GQ32_unmatched_2.fastq,GQ32,9243066a,812556000,31,DNA,1000,812556,True,0.8249370086265839,0.9895301909030949,0.9072335997648394,0.9895301909030949,False,19465,2960155,9440946
2155000,0.0026521248996992206,0.6449744463373084,0.0023296855847473896,0.0035954024098856195,17.931325937665083,11.0,31.248463859735306,/net/nfs-ip34/home/def-ilafores/ref_dbs/sourmash_db/RefSeq_20250528.k31.sbt.zip,"NZ_CP157368.1 Faecalibacterium prausnitzii strain 4 chromosome, complete genome",9217c1f8c150568f8c71781398566ec7,0.7342419080068143,1893000,41,691083000,/nfs3_ib/nfs-ip34/home/def-ilafores/analysis/projet_PROVID19/Feces/preproc/GQ32/GQ32_unmatched_2.fastq,GQ32,9243066a,812556000,31,DNA,1000,812556,True,0.825828997279606,0.9900844308554653,0.9079567140675356,0.9900844308554653,False,33944,2994099,9440946
2026000,0.0024933666110397313,0.5374928448769318,0.002311225318624193,0.0032062464926713914,16.118210862619808,6.0,23.853740496411184,/net/nfs-ip34/home/def-ilafores/ref_dbs/sourmash_db/RefSeq_20250528.k31.sbt.zip,"NZ_CP060633.1 Simiaoa sunii strain NSJ-8 chromosome, complete genome",a712134ff5fdebda1dc08f01019daf8a,0.5798511734401832,1878000,42,689205000,/nfs3_ib/nfs-ip34/home/def-ilafores/analysis/projet_PROVID19/Feces/preproc/GQ32/GQ32_unmatched_2.fastq,GQ32,9243066a,812556000,31,DNA,1000,812556,True,0.8241862395194833,0.9825735059995793,0.9033798727595312,0.9825735059995793,False,30270,3024369,9440946
2331000,0.0028687253555447255,0.32667876588021777,0.002215231934783572,0.0019643158641093807,10.302777777777777,2.0,38.643139294138265,/net/nfs-ip34/home/def-ilafores/ref_dbs/sourmash_db/RefSeq_20250528.k31.sbt.zip,"NZ_CP037440.1 Bacteroides fragilis strain DCMOUH0085B chromosome, complete genome",b9aa1a1f244c1c0700ca0455b6d70026,0.42304900181488203,1800000,43,687405000,/nfs3_ib/nfs-ip34/home/def-ilafores/analysis/projet_PROVID19/Feces/preproc/GQ32/GQ32_unmatched_2.fastq,GQ32,9243066a,812556000,31,DNA,1000,812556,True,0.827923036640842,0.9726309526490364,0.9002769946449392,0.9726309526490364,False,18545,3042914,9440946
1799000,0.0022140012503753586,0.800890868596882,0.0022127705659671457,0.024820605901145924,130.3281423804227,131.0,57.252365612124706,/net/nfs-ip34/home/def-ilafores/ref_dbs/sourmash_db/RefSeq_20250528.k31.sbt.zip,"NZ_CP123050.1 Bifidobacterium adolescentis strain iVS-1 chromosome, complete genome",76f3dfad465c70adb7a8e8071828b70a,0.801336302895323,1798000,44,685607000,/nfs3_ib/nfs-ip34/home/def-ilafores/analysis/projet_PROVID19/Feces/preproc/GQ32/GQ32_unmatched_2.fastq,GQ32,9243066a,812556000,31,DNA,1000,812556,True,0.8210329300562628,0.992881119289026,0.9069570246726444,0.992881119289026,False,234330,3277244,9440946
2156000,0.002653355584107434,0.45865237366003064,0.0022115398815589324,0.0009737371657458903,5.115748469671675,4.0,7.381711383440742,/net/nfs-ip34/home/def-ilafores/ref_dbs/sourmash_db/RefSeq_20250528.k31.sbt.zip,"NZ_CP102252.1 Alistipes senegalensis JC50 chromosome, complete genome",6501011acd325617cc2e04b178f8f630,0.5502807554874937,1797000,45,683810000,/nfs3_ib/nfs-ip34/home/def-ilafores/analysis/projet_PROVID19/Feces/preproc/GQ32/GQ32_unmatched_2.fastq,GQ32,9243066a,812556000,31,DNA,1000,812556,True,0.8258413562890654,0.9809158507535518,0.9033786035213086,0.9809158507535518,False,9193,3286437,9440946
1983000,0.0024404471814865685,0.5119878603945371,0.002076164596655492,0.005419901776792284,30.331357439241255,29.0,18.524591886442614,/net/nfs-ip34/home/def-ilafores/ref_dbs/sourmash_db/RefSeq_20250528.k31.sbt.zip,"NC_021015.1 [Ruminococcus] torques L2-14, complete sequence",9b031f8e8d6f8498e950d180778cd938,0.6018209408194234,1687000,46,682123000,/nfs3_ib/nfs-ip34/home/def-ilafores/analysis/projet_PROVID19/Feces/preproc/GQ32/GQ32_unmatched_2.fastq,GQ32,9243066a,812556000,31,DNA,1000,812556,True,0.8236160851531575,0.9837529366044235,0.9036845108787905,0.9837529366044235,False,51169,3337606,9440946
1712000,0.0021069317068608193,0.7087542087542088,0.002072472543430853,0.012760056036757334,71.53622327790974,70.0,23.94159548333066,/net/nfs-ip34/home/def-ilafores/ref_dbs/sourmash_db/RefSeq_20250528.k31.sbt.zip,"NZ_CP084020.1 Bifidobacterium longum subsp. longum strain NBRC 114494 chromosome, complete genome",8d51fcad0509df3b5fdb0a8b3c568e4c,0.7205387205387206,1684000,47,680439000,/nfs3_ib/nfs-ip34/home/def-ilafores/analysis/projet_PROVID19/Feces/preproc/GQ32/GQ32_unmatched_2.fastq,GQ32,9243066a,812556000,31,DNA,1000,812556,True,0.8197211559851785,0.9894829171750923,0.9046020365801354,0.9894829171750923,False,120467,3458073,9440946
2483000,0.003055789385593116,0.27434659563842184,0.0020281679047351813,0.00031024433356572527,1.7773058252427185,1.0,2.426000849147245,/net/nfs-ip34/home/def-ilafores/ref_dbs/sourmash_db/RefSeq_20250528.k31.sbt.zip,"NZ_CP103077.1 Bacteroides thetaiotaomicron strain BFG-109 chromosome, complete genome",5087e51480cbff0221b860855a630520,0.4133510903945397,1648000,48,678791000,/nfs3_ib/nfs-ip34/home/def-ilafores/analysis/projet_PROVID19/Feces/preproc/GQ32/GQ32_unmatched_2.fastq,GQ32,9243066a,812556000,31,DNA,1000,812556,True,0.8296118541505568,0.9719036125060948,0.9007577333283259,0.9719036125060948,False,2929,3461002,9440946
2030000,0.0024982893486725838,0.4867283950617284,0.0019407893117520515,0.0032489328929537356,19.450221940393153,14.0,20.07260667257201,/net/nfs-ip34/home/def-ilafores/ref_dbs/sourmash_db/RefSeq_20250528.k31.sbt.zip,"NC_021020.1 Faecalibacterium prausnitzii SL3/3, complete sequence",2b845165824bdb6c15dab3f5f2327265,0.6265432098765432,1577000,49,677214000,/nfs3_ib/nfs-ip34/home/def-ilafores/analysis/projet_PROVID19/Feces/preproc/GQ32/GQ32_unmatched_2.fastq,GQ32,9243066a,812556000,31,DNA,1000,812556,True,0.8242386803623202,0.9850313055565202,0.9046349929594202,0.9850313055565202,False,30673,3491675,9440946
1555000,0.0019137142547713635,0.5130960376091337,0.0018804857757496098,0.00915236672257208,56.549083769633505,56.0,22.118231782197086,/net/nfs-ip34/home/def-ilafores/ref_dbs/sourmash_db/RefSeq_20250528.k31.sbt.zip,"NZ_HF545616.1 Ruminococcus bicirculans (ex Wegman et al. 2014) strain 80/3 chromosome I, complete sequence",a0c72778e7e9a92bec9989c7d509e086,0.5221625251846878,1528000,50,675686000,/nfs3_ib/nfs-ip34/home/def-ilafores/analysis/projet_PROVID19/Feces/preproc/GQ32/GQ32_unmatched_2.fastq,GQ32,9243066a,812556000,31,DNA,1000,812556,True,0.8171816687732067,0.9792576164115699,0.8982196425923883,0.9792576164115699,False,86407,3578082,9440946
1503000,0.0018497186655442824,0.4316676700782661,0.0017648014413775789,0.0005931608972236469,3.905160390516039,2.0,12.378252339142447,/net/nfs-ip34/home/def-ilafores/ref_dbs/sourmash_db/RefSeq_20250528.k31.sbt.zip,NZ_AP023420.1 Pusillibacter faecalis strain MM59 chromosome,ac6ff4cab85d8673ba368b5f66dcfee5,0.45243829018663456,1434000,51,674252000,/nfs3_ib/nfs-ip34/home/def-ilafores/analysis/projet_PROVID19/Feces/preproc/GQ32/GQ32_unmatched_2.fastq,GQ32,9243066a,812556000,31,DNA,1000,812556,True,0.8162855688950722,0.9747405004560947,0.8955130346755835,0.9747405004560947,False,5600,3583682,9440946
1514000,0.0018632561940346265,0.2222396486825596,0.0017438798064379562,0.00046955040310579045,3.128440366972477,1.0,17.011487335868456,/net/nfs-ip34/home/def-ilafores/ref_dbs/sourmash_db/RefSeq_20250528.k31.sbt.zip,"NZ_CP022464.2 Enterocloster bolteae strain ATCC BAA-613 chromosome, complete genome",93f73424a62c9a7810069426678c2739,0.2374529485570891,1417000,52,672835000,/nfs3_ib/nfs-ip34/home/def-ilafores/analysis/projet_PROVID19/Feces/preproc/GQ32/GQ32_unmatched_2.fastq,GQ32,9243066a,812556000,31,DNA,1000,812556,True,0.816477604076412,0.9546789369896017,0.8855782705330069,0.9546789369896017,False,4433,3588115,9440946
1383000,0.001702036536558711,0.7573932092004381,0.001702036536558711,0.0010031833674294928,6.848156182212581,6.0,3.4716195497338793,/net/nfs-ip34/home/def-ilafores/ref_dbs/sourmash_db/RefSeq_20250528.k31.sbt.zip,"NZ_AP025586.1 Methanobrevibacter smithii strain CE91-St67 chromosome, complete genome",ec10c07f8bd8189caa7a79703d1a1218,0.7573932092004381,1383000,53,671452000,/nfs3_ib/nfs-ip34/home/def-ilafores/analysis/projet_PROVID19/Feces/preproc/GQ32/GQ32_unmatched_2.fastq,GQ32,9243066a,812556000,31,DNA,1000,812556,True,0.8140974894309568,0.9910764171891886,0.9025869533100728,0.9910764171891886,False,9471,3597586,9440946
1427000,0.0017561866505200873,0.47566448049706594,0.0016958831145176456,0.0005916779949805877,4.053701015965167,3.0,6.5482482021747535,/net/nfs-ip34/home/def-ilafores/ref_dbs/sourmash_db/RefSeq_20250528.k31.sbt.zip,"NZ_AP031432.1 Faecalibacillus intestinalis strain i32-0019-2J8 chromosome, complete genome",1e694dab0a72999dda66e4cd13428d21,0.4925785295132896,1378000,54,670074000,/nfs3_ib/nfs-ip34/home/def-ilafores/analysis/projet_PROVID19/Feces/preproc/GQ32/GQ32_unmatched_2.fastq,GQ32,9243066a,812556000,31,DNA,1000,812556,True,0.8149203873686471,0.9774169229836615,0.8961686551761543,0.9774169229836615,False,5586,3603172,9440946
2049000,0.0025216723524286327,0.473428273706148,0.0016774228483944491,0.0009091249965840287,6.297138664710198,5.0,7.069130335359997,/net/nfs-ip34/home/def-ilafores/ref_dbs/sourmash_db/RefSeq_20250528.k31.sbt.zip,NZ_CP100126.1 Dorea longicatena strain NB2A-3-NA chromosome,1689b6c3fb62fec0dd444e73a686577b,0.7117054532823898,1363000,55,668711000,/nfs3_ib/nfs-ip34/home/def-ilafores/analysis/projet_PROVID19/Feces/preproc/GQ32/GQ32_unmatched_2.fastq,GQ32,9243066a,812556000,31,DNA,1000,812556,True,0.8244864166288667,0.9890892764577872,0.906787846543327,0.9890892764577872,False,8583,3611755,9440946
1401000,0.0017241888559065468,0.44223107569721115,0.0016392716317398433,0.0003015587632849505,2.1373873873873874,2.0,4.572888024647777,/net/nfs-ip34/home/def-ilafores/ref_dbs/sourmash_db/RefSeq_20250528.k31.sbt.zip,"NZ_CP045651.1 Alistipes sp. dk3624 chromosome, complete genome",7e798acda951bd16b6d452563081e9df,0.4651394422310757,1332000,56,667379000,/nfs3_ib/nfs-ip34/home/def-ilafores/analysis/projet_PROVID19/Feces/preproc/GQ32/GQ32_unmatched_2.fastq,GQ32,9243066a,812556000,31,DNA,1000,812556,True,0.8144371496037502,0.9756114224315958,0.895024286017673,0.9756114224315958,False,2847,3614602,9440946
1360000,0.0016737307951698098,0.21527213647441104,0.0016306568408823515,0.0003298398274918636,2.350188679245283,1.0,7.034658804284826,/net/nfs-ip34/home/def-ilafores/ref_dbs/sourmash_db/RefSeq_20250528.k31.sbt.zip,"NZ_CP102272.1 [Clostridium] asparagiforme DSM 15981 chromosome, complete genome",ee57b146d808065c374f21482d0a5cda,0.22095857026807472,1325000,57,666054000,/nfs3_ib/nfs-ip34/home/def-ilafores/analysis/projet_PROVID19/Feces/preproc/GQ32/GQ32_unmatched_2.fastq,GQ32,9243066a,812556000,31,DNA,1000,812556,True,0.8136571987866551,0.9524643670740616,0.8830607829303583,0.9524643670740616,False,3114,3617716,9440946
1712000,0.0021069317068608193,0.46367146367146367,0.0016257341032494992,0.004205828526082026,30.058289174867525,27.0,20.448241777083464,/net/nfs-ip34/home/def-ilafores/ref_dbs/sourmash_db/RefSeq_20250528.k31.sbt.zip,NZ_OX636702.1 Faecalibacterium prausnitzii isolate DSM32379 chromosome 1,6f632cf2c32182bcb83ab7f61da6abb4,0.6009126009126009,1321000,58,664733000,/nfs3_ib/nfs-ip34/home/def-ilafores/analysis/projet_PROVID19/Feces/preproc/GQ32/GQ32_unmatched_2.fastq,GQ32,9243066a,812556000,31,DNA,1000,812556,True,0.8197211559851785,0.9837050049060242,0.9017130804456013,0.9837050049060242,False,39707,3657423,9440946
1529000,0.001881716460157823,0.3589816933638444,0.0015445089323074348,0.0010408914530387102,7.830278884462151,2.0,23.63977419153165,/net/nfs-ip34/home/def-ilafores/ref_dbs/sourmash_db/RefSeq_20250528.k31.sbt.zip,"NZ_CP117966.1 Roseburia hominis strain OB EAV1 11 DCM chromosome, complete genome",e7c81f7d63e990a73ddfcefd48f5bb04,0.4373569794050343,1255000,59,663478000,/nfs3_ib/nfs-ip34/home/def-ilafores/analysis/projet_PROVID19/Feces/preproc/GQ32/GQ32_unmatched_2.fastq,GQ32,9243066a,812556000,31,DNA,1000,812556,True,0.8167373055792182,0.9736751059525192,0.8952062057658687,0.9736751059525192,False,9827,3667250,9440946
1288000,0.001585121517778467,0.4407871198568873,0.0015162031909185336,0.004895166225926935,37.512175324675326,36.0,17.950595470220343,/net/nfs-ip34/home/def-ilafores/ref_dbs/sourmash_db/RefSeq_20250528.k31.sbt.zip,"NC_012778.1 Lachnospira eligens ATCC 27750, complete sequence",5229119e2aa175d63f96a9ce9dfd479c,0.46082289803220033,1232000,60,662246000,/nfs3_ib/nfs-ip34/home/def-ilafores/analysis/projet_PROVID19/Feces/preproc/GQ32/GQ32_unmatched_2.fastq,GQ32,9243066a,812556000,31,DNA,1000,812556,True,0.8122307690350052,0.9753180455515054,0.8937744072932553,0.9753180455515054,False,46215,3713465,9440946
4067000,0.0050051934882026595,0.2616479723899914,0.001492820187162485,0.007201185135472653,56.04781533388294,55.0,16.450059993591935,/net/nfs-ip34/home/def-ilafores/ref_dbs/sourmash_db/RefSeq_20250528.k31.sbt.zip,"NZ_CP103250.1 Bacteroides uniformis strain BFG-227 chromosome, complete genome",d22a231abb372af890fb48167198d8a7,0.8772648835202761,1213000,61,661033000,/nfs3_ib/nfs-ip34/home/def-ilafores/analysis/projet_PROVID19/Feces/preproc/GQ32/GQ32_unmatched_2.fastq,GQ32,9243066a,812556000,31,DNA,1000,812556,True,0.8429227396648371,0.9957848347060475,0.9193537871854423,0.9957848347060475,False,67986,3781451,9440946
1251000,0.0015395861946745823,0.5392552714221625,0.0014792826586721407,0.00040133689992507106,3.1522462562396005,2.0,9.134652665193894,/net/nfs-ip34/home/def-ilafores/ref_dbs/sourmash_db/RefSeq_20250528.k31.sbt.zip,"NZ_LR134344.1 Bifidobacterium bifidum strain NCTC13001 chromosome 1, complete sequence",50cbe693931985575a68db5515e8ee6f,0.5612382234185733,1202000,62,659831000,/nfs3_ib/nfs-ip34/home/def-ilafores/analysis/projet_PROVID19/Feces/preproc/GQ32/GQ32_unmatched_2.fastq,GQ32,9243066a,812556000,31,DNA,1000,812556,True,0.8114674372376401,0.9815399383741431,0.8965036878058916,0.9815399383741431,False,3789,3785240,9440946
1645000,0.002024475851510542,0.32404652420881797,0.0014743599210392884,0.0011302892739774172,8.907345575959933,4.0,21.87074481120318,/net/nfs-ip34/home/def-ilafores/ref_dbs/sourmash_db/RefSeq_20250528.k31.sbt.zip,"NC_021022.1 Blautia obeum A2-162, complete sequence",6f351faff0bbc09512221a953fad4daf,0.4449553692182851,1198000,63,658633000,/nfs3_ib/nfs-ip34/home/def-ilafores/analysis/projet_PROVID19/Feces/preproc/GQ32/GQ32_unmatched_2.fastq,GQ32,9243066a,812556000,31,DNA,1000,812556,True,0.8186661960441531,0.9742162501109206,0.8964412230775369,0.9742162501109206,False,10671,3795911,9440946
1074000,0.0013217550544208645,0.5689289501590669,0.0013205243700126514,0.00026427436403089267,2.3252562907735324,2.0,1.9014600645291246,/net/nfs-ip34/home/def-ilafores/ref_dbs/sourmash_db/RefSeq_20250528.k31.sbt.zip,"NZ_CP047191.1 Streptococcus thermophilus strain EU01 chromosome, complete genome",80a4b07c145534de65532ccb959c6bf5,0.5694591728525981,1073000,64,657560000,/nfs3_ib/nfs-ip34/home/def-ilafores/analysis/projet_PROVID19/Feces/preproc/GQ32/GQ32_unmatched_2.fastq,GQ32,9243066a,812556000,31,DNA,1000,812556,True,0.8074839570001118,0.9820004720358946,0.8947422145180032,0.9820004720358946,False,2495,3798406,9440946
1112000,0.0013685210619329622,0.31070574162679426,0.0012786811001334062,0.0004696563246945804,4.267564966313763,1.0,10.902385013343498,/net/nfs-ip34/home/def-ilafores/ref_dbs/sourmash_db/RefSeq_20250528.k31.sbt.zip,"NZ_CP089331.1 Eggerthella lenta strain APC055-529-1D chromosome, complete genome",e637002d92ae15032f3197b305d6135e,0.33253588516746413,1039000,65,656521000,/nfs3_ib/nfs-ip34/home/def-ilafores/analysis/projet_PROVID19/Feces/preproc/GQ32/GQ32_unmatched_2.fastq,GQ32,9243066a,812556000,31,DNA,1000,812556,True,0.8083901547377323,0.9651069343850456,0.886748544561389,0.9651069343850456,False,4434,3802840,9440946
1062000,0.0013069868415223073,0.3321463256717384,0.001262682202826636,0.00024637361552539333,2.267056530214425,1.0,4.905821273662956,/net/nfs-ip34/home/def-ilafores/ref_dbs/sourmash_db/RefSeq_20250528.k31.sbt.zip,"NZ_AP023049.1 Alistipes indistinctus strain 2BBH45 chromosome, complete genome",a350fcb0d912191bf783d6a3905b8c8f,0.3438005827128521,1026000,66,655495000,/nfs3_ib/nfs-ip34/home/def-ilafores/analysis/projet_PROVID19/Feces/preproc/GQ32/GQ32_unmatched_2.fastq,GQ32,9243066a,812556000,31,DNA,1000,812556,True,0.8071913342633972,0.9661446396226326,0.886667986943015,0.9661446396226326,False,2326,3805166,9440946
5057000,0.006223571052333624,0.15361216730038021,0.0012429912522952265,0.0007352017477909523,6.872277227722773,4.0,13.786724988311864,/net/nfs-ip34/home/def-ilafores/ref_dbs/sourmash_db/RefSeq_20250528.k31.sbt.zip,"NZ_CP103098.1 Bacteroides xylanisolvens strain BFG-319 chromosome, complete genome",6bd244397ae27f2890a12eadb785907c,0.7691254752851711,1010000,67,654485000,/nfs3_ib/nfs-ip34/home/def-ilafores/analysis/projet_PROVID19/Feces/preproc/GQ32/GQ32_unmatched_2.fastq,GQ32,9243066a,812556000,31,DNA,1000,812556,True,0.8488676610743067,0.9915679714370533,0.92021781625568,0.9915679714370533,False,6941,3812107,9440946
1013000,0.0012466833055198656,0.3093851132686084,0.0011765342942517193,0.0002828106420691316,2.792887029288703,1.0,8.937076152679117,/net/nfs-ip34/home/def-ilafores/ref_dbs/sourmash_db/RefSeq_20250528.k31.sbt.zip,"NZ_CP091870.1 Lawsonibacter asaccharolyticus strain OA10 chromosome, complete genome",54c821fbffdc1aacdf2b93cd12e19242,0.327831715210356,956000,68,653529000,/nfs3_ib/nfs-ip34/home/def-ilafores/analysis/projet_PROVID19/Feces/preproc/GQ32/GQ32_unmatched_2.fastq,GQ32,9243066a,812556000,31,DNA,1000,812556,True,0.805962275431512,0.9646634804271029,0.8853128779293075,0.9646634804271029,False,2670,3814777,9440946
923000,0.0011359217087806872,0.34915773353751917,0.0011223841802903431,0.00016661465916657081,1.724780701754386,1.0,1.076014390913123,/net/nfs-ip34/home/def-ilafores/ref_dbs/sourmash_db/RefSeq_20250528.k31.sbt.zip,"NZ_CP069223.2 Lactococcus lactis subsp. lactis strain I.1.1 chromosome, complete genome",11a444959808daa99877f612cc9a9cbd,0.35336906584992345,912000,69,652617000,/nfs3_ib/nfs-ip34/home/def-ilafores/analysis/projet_PROVID19/Feces/preproc/GQ32/GQ32_unmatched_2.fastq,GQ32,9243066a,812556000,31,DNA,1000,812556,True,0.803546916142085,0.9670005625290389,0.8852737393355619,0.9670005625290389,False,1573,3816350,9440946
3534000,0.00434923869862508,0.2080275229357798,0.0011162307582492776,0.0025944433958207153,27.005512679162074,23.0,27.420989482656214,/net/nfs-ip34/home/def-ilafores/ref_dbs/sourmash_db/RefSeq_20250528.k31.sbt.zip,"NZ_AP031426.1 Blautia wexlerae strain i22-0019-1F5 chromosome, complete genome",88019d6ddc2b537fe7ac87c23df45062,0.8105504587155963,907000,70,651710000,/nfs3_ib/nfs-ip34/home/def-ilafores/analysis/projet_PROVID19/Feces/preproc/GQ32/GQ32_unmatched_2.fastq,GQ32,9243066a,812556000,31,DNA,1000,812556,True,0.8391117104606576,0.993247364028436,0.9161795372445468,0.993247364028436,False,24494,3840844,9440946
900000,0.001107615967391786,0.30208689702360586,0.0010866943324521633,0.00018769305533576826,2.0067950169875424,1.0,4.993989505163935,/net/nfs-ip34/home/def-ilafores/ref_dbs/sourmash_db/RefSeq_20250528.k31.sbt.zip,"NZ_CP102273.1 Intestinibacter bartlettii strain DSM 16795 chromosome, complete genome",4fe134d0444f089dec5e462a3d358d30,0.3079028395484092,883000,71,650827000,/nfs3_ib/nfs-ip34/home/def-ilafores/analysis/projet_PROVID19/Feces/preproc/GQ32/GQ32_unmatched_2.fastq,GQ32,9243066a,812556000,31,DNA,1000,812556,True,0.8028930828901945,0.9627138414385555,0.882803462164375,0.9627138414385555,False,1772,3842616,9440946
860000,0.001058388591063262,0.3592314118629908,0.001058388591063262,0.00016004752066159472,1.7569767441860464,1.0,1.044480587245922,/net/nfs-ip34/home/def-ilafores/ref_dbs/sourmash_db/RefSeq_20250528.k31.sbt.zip,"NZ_CP098247.1 Oxalobacter aliiformigenes strain BA2 chromosome, complete genome",063d6da2a9e0916fa7e7bd76aee5d8b8,0.3592314118629908,860000,72,649967000,/nfs3_ib/nfs-ip34/home/def-ilafores/analysis/projet_PROVID19/Feces/preproc/GQ32/GQ32_unmatched_2.fastq,GQ32,9243066a,812556000,31,DNA,1000,812556,True,0.8017164805168979,0.9675139501882599,0.8846152153525789,0.9675139501882599,False,1511,3844127,9440946
1698000,0.002089702125145836,0.2777593636062314,0.001031313534082574,0.0013528305320250746,15.241050119331742,3.0,26.58541662152784,/net/nfs-ip34/home/def-ilafores/ref_dbs/sourmash_db/RefSeq_20250528.k31.sbt.zip,"NZ_CP157286.1 Faecalibacterium prausnitzii strain 3 chromosome, complete genome",9de4932095473c9973b31ae4d68399ec,0.5628107391448459,838000,73,649129000,/nfs3_ib/nfs-ip34/home/def-ilafores/analysis/projet_PROVID19/Feces/preproc/GQ32/GQ32_unmatched_2.fastq,GQ32,9243066a,812556000,31,DNA,1000,812556,True,0.8195040593829291,0.9816285327041279,0.9005662960435286,0.9816285327041279,False,12772,3856899,9440946
1419000,0.0017463411752543824,0.2317762570663493,0.0009587031539980014,0.00024700914505813295,2.993581514762516,2.0,4.026702895667772,/net/nfs-ip34/home/def-ilafores/ref_dbs/sourmash_db/RefSeq_20250528.k31.sbt.zip,"NC_021021.1 Gordonibacter pamelaeae 7-10-1-b, complete sequence",99e65f8593549ca8e3e843eee40eeb60,0.42219577506694433,779000,74,648350000,/nfs3_ib/nfs-ip34/home/def-ilafores/analysis/projet_PROVID19/Feces/preproc/GQ32/GQ32_unmatched_2.fastq,GQ32,9243066a,812556000,31,DNA,1000,812556,True,0.8147726125822712,0.9725676117300767,0.8936701121561739,0.9725676117300767,False,2332,3859231,9440946
756000,0.0009303974126091002,0.14507772020725387,0.0009303974126091002,0.00011503084542587152,1.4365079365079365,1.0,0.7453137375611221,/net/nfs-ip34/home/def-ilafores/ref_dbs/sourmash_db/RefSeq_20250528.k31.sbt.zip,"NZ_CP069522.1 Escherichia coli strain FDAARGOS_1267 chromosome, complete genome",4081eb6579fa4526c98b32fd6026399b,0.14507772020725387,756000,75,647594000,/nfs3_ib/nfs-ip34/home/def-ilafores/analysis/projet_PROVID19/Feces/preproc/GQ32/GQ32_unmatched_2.fastq,GQ32,9243066a,812556000,31,DNA,1000,812556,True,0.7983900441640451,0.9396256463800793,0.8690078452720622,0.9396256463800793,False,1086,3860317,9440946
726000,0.0008934768803627074,0.32546527462551067,0.0008824007206887894,0.0016883901253115948,22.23152022315202,21.0,9.80561189353496,/net/nfs-ip34/home/def-ilafores/ref_dbs/sourmash_db/RefSeq_20250528.k31.sbt.zip,"NZ_CP084004.1 Collinsella aerofaciens strain NBRC 114504 chromosome, complete genome",12bb79a35fe0b383414df0f2f6def9ec,0.3295506128007263,717000,76,646877000,/nfs3_ib/nfs-ip34/home/def-ilafores/analysis/projet_PROVID19/Feces/preproc/GQ32/GQ32_unmatched_2.fastq,GQ32,9243066a,812556000,31,DNA,1000,812556,True,0.7973478894525748,0.964826227707137,0.8810870585798559,0.964826227707137,False,15940,3876257,9440946
1394000,0.001715574065049055,0.2498252969951083,0.0008799393518723632,0.00045429769432003955,5.998601398601399,3.0,6.0788523255925275,/net/nfs-ip34/home/def-ilafores/ref_dbs/sourmash_db/RefSeq_20250528.k31.sbt.zip,"NZ_AP024470.1 Adlercreutzia equolifaciens subsp. celatus strain JCM 14811 chromosome, complete genome",290112e27a9899f2f1b4e84c17e76c61,0.48707197763801535,715000,77,646162000,/nfs3_ib/nfs-ip34/home/def-ilafores/analysis/projet_PROVID19/Feces/preproc/GQ32/GQ32_unmatched_2.fastq,GQ32,9243066a,812556000,31,DNA,1000,812556,True,0.8143055641365101,0.97706253209135,0.8956840481139301,0.97706253209135,False,4289,3880546,9440946
745000,0.0009168598841187561,0.16177145479577787,0.0008676325077902323,0.00014818430271712179,1.9843971631205675,1.0,5.158870123258041,/net/nfs-ip34/home/def-ilafores/ref_dbs/sourmash_db/RefSeq_20250528.k31.sbt.zip,"NZ_CP132137.1 Eubacterium callanderi strain DSM 107592 chromosome, complete genome",b2b1e3b09cd876f821b5a69b29ec9acf,0.17094997705369436,705000,78,645457000,/nfs3_ib/nfs-ip34/home/def-ilafores/analysis/projet_PROVID19/Feces/preproc/GQ32/GQ32_unmatched_2.fastq,GQ32,9243066a,812556000,31,DNA,1000,812556,True,0.798012645362484,0.9446128304974857,0.8713127379299848,0.9446128304974857,False,1399,3881945,9440946
726000,0.0008934768803627074,0.1952927991033903,0.0008577870325245275,0.00023376894645939082,3.1664275466284075,1.0,13.670476015752389,/net/nfs-ip34/home/def-ilafores/ref_dbs/sourmash_db/RefSeq_20250528.k31.sbt.zip,"NZ_CP136423.1 Blautia hydrogenotrophica DSM 10507 chromosome, complete genome",db102fb7a700e088f37b40dab1f74adf,0.20341832446063324,697000,79,644760000,/nfs3_ib/nfs-ip34/home/def-ilafores/analysis/projet_PROVID19/Feces/preproc/GQ32/GQ32_unmatched_2.fastq,GQ32,9243066a,812556000,31,DNA,1000,812556,True,0.7973478894525748,0.9499264978913821,0.8736371936719785,0.9499264978913821,False,2207,3884152,9440946
4224000,0.0051984109402921155,0.10302385655675429,0.0008344040287684788,0.0036176459435315065,50.37463126843658,5.0,104.62587402607203,/net/nfs-ip34/home/def-ilafores/ref_dbs/sourmash_db/RefSeq_20250528.k31.sbt.zip,"NZ_CP046397.1 Bacteroides ovatus strain FDAARGOS_733 chromosome, complete genome",e3fa9c4f076a3f63536cf070ae5e7e25,0.6418477435040267,678000,80,644082000,/nfs3_ib/nfs-ip34/home/def-ilafores/analysis/projet_PROVID19/Feces/preproc/GQ32/GQ32_unmatched_2.fastq,GQ32,9243066a,812556000,31,DNA,1000,812556,True,0.8439532825570262,0.985798446983562,0.9148758647702941,0.985798446983562,False,34154,3918306,9440946
752000,0.0009254746749762478,0.09420713867758923,0.0007925607588892335,0.0003449866146888246,5.057453416149069,1.0,14.37015509624256,/net/nfs-ip34/home/def-ilafores/ref_dbs/sourmash_db/RefSeq_20250528.k31.sbt.zip,"NZ_CP102274.1 Hungatella hathewayi strain DSM 13479 chromosome, complete genome",0f58288732b3804f3c8d60da453de357,0.11000585137507314,644000,81,643438000,/nfs3_ib/nfs-ip34/home/def-ilafores/analysis/projet_PROVID19/Feces/preproc/GQ32/GQ32_unmatched_2.fastq,GQ32,9243066a,812556000,31,DNA,1000,812556,True,0.79825342679332,0.9312749658750543,0.8647641963341872,0.9312749658750543,False,3257,3921563,9440946
2924000,0.0035985212096150913,0.17739227756015669,0.0007802539148071025,0.0010993601700507556,16.370662460567825,14.0,11.37362979730716,/net/nfs-ip34/home/def-ilafores/ref_dbs/sourmash_db/RefSeq_20250528.k31.sbt.zip,"NC_021014.1 Ruminococcus sp. SR1/5, complete sequence",ab50710d4b2685ccaecb7b36ef7d16eb,0.8181309457190823,634000,82,642804000,/nfs3_ib/nfs-ip34/home/def-ilafores/analysis/projet_PROVID19/Feces/preproc/GQ32/GQ32_unmatched_2.fastq,GQ32,9243066a,812556000,31,DNA,1000,812556,True,0.8339985440607532,0.9935456652530442,0.9137721046568987,0.9935456652530442,False,10379,3931942,9440946
1246000,0.001533432772633517,0.22603978300180833,0.0007691777551331846,0.0011424702566882599,17.2576,2.0,45.60153552502371,/net/nfs-ip34/home/def-ilafores/ref_dbs/sourmash_db/RefSeq_20250528.k31.sbt.zip,"NZ_CP094468.1 Faecalibacterium sp. I3-3-89 chromosome, complete genome",88f1b5eec91b23fd70f1b11b9f13bd9a,0.4506329113924051,625000,83,642179000,/nfs3_ib/nfs-ip34/home/def-ilafores/analysis/projet_PROVID19/Feces/preproc/GQ32/GQ32_unmatched_2.fastq,GQ32,9243066a,812556000,31,DNA,1000,812556,True,0.8113626125953883,0.9746147886028625,0.8929887005991255,0.9746147886028625,False,10786,3942728,9440946
735000,0.0009045530400366252,0.28690421101341973,0.0007630243330921192,0.0001172551987904602,1.7854838709677419,1.0,1.1725828637330922,/net/nfs-ip34/home/def-ilafores/ref_dbs/sourmash_db/RefSeq_20250528.k31.sbt.zip,"NZ_CP150200.1 Streptococcus sp. FSL W7-1342 chromosome, complete genome",5d987891937eef7ae88d0191b7d129d6,0.34012031466913467,620000,84,641559000,/nfs3_ib/nfs-ip34/home/def-ilafores/analysis/projet_PROVID19/Feces/preproc/GQ32/GQ32_unmatched_2.fastq,GQ32,9243066a,812556000,31,DNA,1000,812556,True,0.7976648463759914,0.9658092784082007,0.8817370623920961,0.9658092784082007,False,1107,3943835,9440946
765000,0.000941473572283018,0.17050298380221654,0.0007384106449278573,0.0003954052909528346,6.221666666666667,1.0,17.4518154897675,/net/nfs-ip34/home/def-ilafores/ref_dbs/sourmash_db/RefSeq_20250528.k31.sbt.zip,"NZ_CP102255.1 Anaerotruncus colihominis strain DSM 17241 chromosome, complete genome",7eaae742c69417c8e76f081fe338897d,0.21739130434782608,600000,85,640959000,/nfs3_ib/nfs-ip34/home/def-ilafores/analysis/projet_PROVID19/Feces/preproc/GQ32/GQ32_unmatched_2.fastq,GQ32,9243066a,812556000,31,DNA,1000,812556,True,0.7986948930966118,0.951964416330545,0.8753296547135784,0.951964416330545,False,3733,3947568,9440946
756000,0.0009303974126091002,0.23480333730631706,0.0007273344852539394,0.0006821350318071939,10.89678510998308,2.0,22.590397608598366,/net/nfs-ip34/home/def-ilafores/ref_dbs/sourmash_db/RefSeq_20250528.k31.sbt.zip,"NZ_AP023418.1 Vescimonas coprocola strain MM50 chromosome, complete genome",be471ee2a9a4d83e479673ce2822bf12,0.300357568533969,591000,86,640368000,/nfs3_ib/nfs-ip34/home/def-ilafores/analysis/projet_PROVID19/Feces/preproc/GQ32/GQ32_unmatched_2.fastq,GQ32,9243066a,812556000,31,DNA,1000,812556,True,0.7983900441640451,0.9619436488962184,0.8801668465301318,0.9619436488962184,False,6440,3954008,9440946
602000,0.0007408720137442834,0.14123711340206185,0.0006744150557007763,0.00010909923645363505,1.8795620437956204,1.0,4.082196322507484,/net/nfs-ip34/home/def-ilafores/ref_dbs/sourmash_db/RefSeq_20250528.k31.sbt.zip,"NZ_CP060635.1 Wansuia hejianensis strain NSJ-29 chromosome, complete genome",d5aef74860ab7c1cca263aa607c62d70,0.15515463917525774,548000,87,639820000,/nfs3_ib/nfs-ip34/home/def-ilafores/analysis/projet_PROVID19/Feces/preproc/GQ32/GQ32_unmatched_2.fastq,GQ32,9243066a,812556000,31,DNA,1000,812556,True,0.7925450792335526,0.941663284535729,0.8671041818846408,0.941663284535729,False,1030,3955038,9440946
2061000,0.0025364405653271896,0.17281488866733133,0.0006399558922708096,0.003126487536312569,56.76346153846154,45.0,68.62021884380432,/net/nfs-ip34/home/def-ilafores/ref_dbs/sourmash_db/RefSeq_20250528.k31.sbt.zip,"NZ_CP094470.1 Faecalibacterium sp. I2-3-92 chromosome, complete genome",0d91a03431f1ffb73e1088f604cc6227,0.6849451645064806,520000,88,639300000,/nfs3_ib/nfs-ip34/home/def-ilafores/analysis/projet_PROVID19/Feces/preproc/GQ32/GQ32_unmatched_2.fastq,GQ32,9243066a,812556000,31,DNA,1000,812556,True,0.8246417387702984,0.9878672192539574,0.9062544790121279,0.9878672192539574,False,29517,3984555,9440946
627000,0.0007716391239496108,0.16541598694942905,0.0006239569949640394,0.00026512173674121214,4.936883629191321,1.0,17.932702393680213,/net/nfs-ip34/home/def-ilafores/ref_dbs/sourmash_db/RefSeq_20250528.k31.sbt.zip,"NZ_AP031451.1 Agathobaculum massiliense strain k40-0107-F7 chromosome, complete genome",f48a62df3908b7dc6f03cbd76e940509,0.20456769983686787,507000,89,638793000,/nfs3_ib/nfs-ip34/home/def-ilafores/analysis/projet_PROVID19/Feces/preproc/GQ32/GQ32_unmatched_2.fastq,GQ32,9243066a,812556000,31,DNA,1000,812556,True,0.7935860184297436,0.95009916734851,0.8718425928891268,0.95009916734851,False,2503,3987058,9440946
764000,0.0009402428878748049,0.14367323621822337,0.000619034257331187,0.0003154344914164322,5.920477137176938,2.0,14.109964267185324,/net/nfs-ip34/home/def-ilafores/ref_dbs/sourmash_db/RefSeq_20250528.k31.sbt.zip,"NC_021009.1 Coprococcus catus GD/7, complete sequence",6d00b0a0ca344fdf96ce690671c5fa63,0.21822336475292772,503000,90,638290000,/nfs3_ib/nfs-ip34/home/def-ilafores/analysis/projet_PROVID19/Feces/preproc/GQ32/GQ32_unmatched_2.fastq,GQ32,9243066a,812556000,31,DNA,1000,812556,True,0.7986611928853521,0.9520817354148728,0.8753714641501125,0.9520817354148728,False,2978,3990036,9440946
2675000,0.0032920807919700305,0.11876075731497418,0.0005944205691669251,0.001375603673614911,26.888198757763973,18.0,40.111850934210985,/net/nfs-ip34/home/def-ilafores/ref_dbs/sourmash_db/RefSeq_20250528.k31.sbt.zip,"NZ_AP025581.1 Alistipes finegoldii strain CE91-St15 chromosome, complete genome",6b6a5701c4b4085bc7aae18a71eaefc2,0.6577329727071551,483000,91,637807000,/nfs3_ib/nfs-ip34/home/def-ilafores/analysis/projet_PROVID19/Feces/preproc/GQ32/GQ32_unmatched_2.fastq,GQ32,9243066a,812556000,31,DNA,1000,812556,True,0.8316075101434667,0.9865761961459604,0.9090918531447135,0.9865761961459604,False,12987,4003023,9440946
3966000,0.004880894362973137,0.09849886901089862,0.0005894978315340727,0.0024477419953466526,48.24425887265136,46.0,29.133069606569993,/net/nfs-ip34/home/def-ilafores/ref_dbs/sourmash_db/RefSeq_20250528.k31.sbt.zip,"NZ_CP043529.1 Phocaeicola vulgatus strain VIC01 chromosome, complete genome",be62626804ebd51a937970eebfaaba96,0.8155459592843923,479000,92,637328000,/nfs3_ib/nfs-ip34/home/def-ilafores/analysis/projet_PROVID19/Feces/preproc/GQ32/GQ32_unmatched_2.fastq,GQ32,9243066a,812556000,31,DNA,1000,812556,True,0.842239227222767,0.9934442445938912,0.9178417359083291,0.9934442445938912,False,23109,4026132,9440946
529000,0.0006510320519447276,0.09537110933758979,0.0005882671471258596,0.0001038031570141382,2.0502092050209204,1.0,4.3992189728741655,/net/nfs-ip34/home/def-ilafores/ref_dbs/sourmash_db/RefSeq_20250528.k31.sbt.zip,NZ_CP125623.1 [Clostridium] symbiosum strain LM19B chromosome,047ed33e567612fdc6b2c30bbe505454,0.10554668794892258,478000,93,636850000,/nfs3_ib/nfs-ip34/home/def-ilafores/analysis/projet_PROVID19/Feces/preproc/GQ32/GQ32_unmatched_2.fastq,GQ32,9243066a,812556000,31,DNA,1000,812556,True,0.7892470725456939,0.9300326883861325,0.8596398804659132,0.9300326883861325,False,980,4027112,9440946
1961000,0.00241337212450588,0.14390691977954684,0.0005784216718601548,0.0008488556125625546,17.051063829787235,8.0,30.66534444502615,/net/nfs-ip34/home/def-ilafores/ref_dbs/sourmash_db/RefSeq_20250528.k31.sbt.zip,"NC_021042.1 Faecalibacterium prausnitzii L2-6, complete sequence",112a151e28f067050905850dc0b386c2,0.6004286589099816,470000,94,636380000,/nfs3_ib/nfs-ip34/home/def-ilafores/analysis/projet_PROVID19/Feces/preproc/GQ32/GQ32_unmatched_2.fastq,GQ32,9243066a,812556000,31,DNA,1000,812556,True,0.8233197349319014,0.9836794393944772,0.9034995871631892,0.9836794393944772,False,8014,4035126,9440946
505000,0.0006214956261476133,0.14290123456790124,0.0005698068810026633,8.208923131220113e-05,1.673866090712743,1.0,2.1061228131052943,/net/nfs-ip34/home/def-ilafores/ref_dbs/sourmash_db/RefSeq_20250528.k31.sbt.zip,NZ_CP159998.1 Intestinimonas butyriciproducens strain AN405 chromosome,5e83b012f9b56827c1d4b59cdc28942e,0.1558641975308642,463000,95,635917000,/nfs3_ib/nfs-ip34/home/def-ilafores/analysis/projet_PROVID19/Feces/preproc/GQ32/GQ32_unmatched_2.fastq,GQ32,9243066a,812556000,31,DNA,1000,812556,True,0.7880658688319506,0.9418018956582285,0.8649338822450896,0.9418018956582285,False,775,4035901,9440946
2279000,0.0028047297663176445,0.15474552957359008,0.000553807983695893,0.0008090290951775383,16.973333333333333,17.0,13.130429459000105,/net/nfs-ip34/home/def-ilafores/ref_dbs/sourmash_db/RefSeq_20250528.k31.sbt.zip,"NC_021016.1 Anaerostipes hadrus, complete sequence",63c45790e4e0e34800467d47c7de68dd,0.7837001375515819,450000,96,635467000,/nfs3_ib/nfs-ip34/home/def-ilafores/analysis/projet_PROVID19/Feces/preproc/GQ32/GQ32_unmatched_2.fastq,GQ32,9243066a,812556000,31,DNA,1000,812556,True,0.8273207252380839,0.9921686067497636,0.9097446659939237,0.9921686067497636,False,7638,4043539,9440946
2020000,0.002485982504590453,0.13946216385240776,0.0005488852460630405,0.0016364885468045257,34.64125560538117,31.0,29.017182202919813,/net/nfs-ip34/home/def-ilafores/ref_dbs/sourmash_db/RefSeq_20250528.k31.sbt.zip,"NC_021010.1 Agathobacter rectalis DSM 17629, complete sequence",dcbd1d093e4e25fa785bf2accc52d95b,0.6316447779862414,446000,97,635021000,/nfs3_ib/nfs-ip34/home/def-ilafores/analysis/projet_PROVID19/Feces/preproc/GQ32/GQ32_unmatched_2.fastq,GQ32,9243066a,812556000,31,DNA,1000,812556,True,0.8241073900861943,0.9852890181701356,0.9046982041281649,0.9852890181701356,False,15450,4058989,9440946
443000,0.0005451931928384013,0.23879781420765028,0.0005378090863891227,9.458797878941369e-05,2.0434782608695654,1.0,6.154043509535984,/net/nfs-ip34/home/def-ilafores/ref_dbs/sourmash_db/RefSeq_20250528.k31.sbt.zip,"NZ_CP076563.1 Christensenella sp. MSJ-20 chromosome, complete genome",0a7d1b4a67ecb77c78a1f4790c59d319,0.24207650273224043,437000,98,634584000,/nfs3_ib/nfs-ip34/home/def-ilafores/analysis/projet_PROVID19/Feces/preproc/GQ32/GQ32_unmatched_2.fastq,GQ32,9243066a,812556000,31,DNA,1000,812556,True,0.7847429686011157,0.9552730032059772,0.8700079859035464,0.9552730032059772,False,893,4059882,9440946
2537000,0.003122246343636623,0.10362077179609337,0.0005353477175726965,0.00016078897178312427,3.489655172413793,2.0,5.915633573062915,/net/nfs-ip34/home/def-ilafores/ref_dbs/sourmash_db/RefSeq_20250528.k31.sbt.zip,"NZ_CP084007.1 Flavonifractor plautii strain NBRC 113805 chromosome, complete genome",8469ab5e4b1c2b2c7b791e98ae874535,0.6043353978084802,435000,99,634149000,/nfs3_ib/nfs-ip34/home/def-ilafores/analysis/projet_PROVID19/Feces/preproc/GQ32/GQ32_unmatched_2.fastq,GQ32,9243066a,812556000,31,DNA,1000,812556,True,0.8301878253393852,0.9838852563893314,0.9070365408643584,0.9838852563893314,False,1518,4061400,9440946
851000,0.0010473124313893443,0.12232243517474634,0.0005341170331644834,0.00030526601889259826,6.640552995391705,1.0,13.561425902362037,/net/nfs-ip34/home/def-ilafores/ref_dbs/sourmash_db/RefSeq_20250528.k31.sbt.zip,"NZ_CP143936.1 Anaerobutyricum hallii strain DFI.9.38 chromosome, complete genome",adc420f297b3ff1fa16ce829a637366f,0.23985343855693347,434000,100,633715000,/nfs3_ib/nfs-ip34/home/def-ilafores/analysis/projet_PROVID19/Feces/preproc/GQ32/GQ32_unmatched_2.fastq,GQ32,9243066a,812556000,31,DNA,1000,812556,True,0.801444453569037,0.9549887519741944,0.8782166027716157,0.9549887519741944,False,2882,4064282,9440946
2043000,0.002514288245979354,0.06436851738865161,0.0005193488202659262,0.0005792851690921651,12.959715639810426,12.0,9.23063043934513,/net/nfs-ip34/home/def-ilafores/ref_dbs/sourmash_db/RefSeq_20250528.k31.sbt.zip,"NZ_CP102938.1 Bacteroides cellulosilyticus strain PL2022 chromosome, complete genome",d20001d187626a256609db74af93bd0e,0.3116229408175717,422000,101,633293000,/nfs3_ib/nfs-ip34/home/def-ilafores/analysis/projet_PROVID19/Feces/preproc/GQ32/GQ32_unmatched_2.fastq,GQ32,9243066a,812556000,31,DNA,1000,812556,True,0.8244084251416738,0.9630868770077576,0.8937476510747158,0.9630868770077576,False,5469,4069751,9440946
5047000,0.006211264208251493,0.06274392074452116,0.0005144260826330739,0.0005093769204908067,11.504784688995215,9.0,15.853583238771767,/net/nfs-ip34/home/def-ilafores/ref_dbs/sourmash_db/RefSeq_20250528.k31.sbt.zip,"NZ_CP072212.1 Bacteroides xylanisolvens strain CL11T00C41 chromosome, complete genome",2c57a91b8fe09d51df24c6e20ef5d122,0.75758030621435,418000,102,632875000,/nfs3_ib/nfs-ip34/home/def-ilafores/analysis/projet_PROVID19/Feces/preproc/GQ32/GQ32_unmatched_2.fastq,GQ32,9243066a,812556000,31,DNA,1000,812556,True,0.8488134608318082,0.9910843137683222,0.9199488873000652,0.9910843137683222,False,4809,4074560,9440946
2605000,0.003205932883395114,0.09070648540227323,0.0005008885541427299,0.00329204297959124,76.36363636363636,92.0,44.55899608644033,/net/nfs-ip34/home/def-ilafores/ref_dbs/sourmash_db/RefSeq_20250528.k31.sbt.zip,"NZ_AP031449.1 Bacteroides stercoris strain k33-0107-F9 chromosome, complete genome",0a531f0dc11d01b0c4c52863f5abf5c2,0.5805660797860486,407000,103,632468000,/nfs3_ib/nfs-ip34/home/def-ilafores/analysis/projet_PROVID19/Feces/preproc/GQ32/GQ32_unmatched_2.fastq,GQ32,9243066a,812556000,31,DNA,1000,812556,True,0.8308964758643134,0.9826125610328577,0.9067545184485855,0.9826125610328577,False,31080,4105640,9440946
532000,0.0006547241051693668,0.12831858407079647,0.0004996578697345168,0.0001390750460811872,3.2339901477832513,1.0,7.444502540053865,/net/nfs-ip34/home/def-ilafores/ref_dbs/sourmash_db/RefSeq_20250528.k31.sbt.zip,"NZ_AP031414.1 Mediterraneibacter glycyrrhizinilyticus strain f23 chromosome, complete genome",3aa76380a2dbd057e75b72c09cae7f14,0.168141592920354,406000,104,632062000,/nfs3_ib/nfs-ip34/home/def-ilafores/analysis/projet_PROVID19/Feces/preproc/GQ32/GQ32_unmatched_2.fastq,GQ32,9243066a,812556000,31,DNA,1000,812556,True,0.7893910610838604,0.9441082208324599,0.8667496409581601,0.9441082208324599,False,1313,4106953,9440946
2249000,0.0027678092340712515,0.1281547033759423,0.0004811976036113203,0.001399330109503857,33.78772378516624,33.0,26.20270095379652,/net/nfs-ip34/home/def-ilafores/ref_dbs/sourmash_db/RefSeq_20250528.k31.sbt.zip,"NZ_AP031425.1 Faecalibacterium sp. i21-0019-B1 chromosome, complete genome",83df1fc7945fffe52952776a8424f7ce,0.7371353654539495,391000,105,631671000,/nfs3_ib/nfs-ip34/home/def-ilafores/analysis/projet_PROVID19/Feces/preproc/GQ32/GQ32_unmatched_2.fastq,GQ32,9243066a,812556000,31,DNA,1000,812556,True,0.8269671591691097,0.9902100516971296,0.9085886054331196,0.9902100516971296,False,13211,4120164,9440946
396000,0.00048735102565238583,0.15342250196695514,0.00047996691920310726,0.00012837696561340356,3.1076923076923078,2.0,3.7084369929886187,/net/nfs-ip34/home/def-ilafores/ref_dbs/sourmash_db/RefSeq_20250528.k31.sbt.zip,NZ_LN555523.1 Romboutsia ilealis strain CRIB chromosome 1,4f1f5b624ed155579fa4ba377193c4ab,0.15578284815106216,390000,106,631281000,/nfs3_ib/nfs-ip34/home/def-ilafores/analysis/projet_PROVID19/Feces/preproc/GQ32/GQ32_unmatched_2.fastq,GQ32,9243066a,812556000,31,DNA,1000,812556,True,0.7819089600393753,0.9417860352103504,0.8618474976248629,0.9417860352103504,False,1212,4121376,9440946
1084000,0.0013340618985029954,0.09566517189835576,0.0004725828127538287,0.0007783118344284566,19.135416666666668,18.0,10.610892390670488,/net/nfs-ip34/home/def-ilafores/ref_dbs/sourmash_db/RefSeq_20250528.k31.sbt.zip,NZ_LR215980.1 Paraprevotella xylaniphila YIT 11841 isolate Paraprevotella xylaniphila 82A6 chromosome 1,5e6e3eba0c8b886e7c308dc9056f6fdf,0.2700548081714001,384000,107,630897000,/nfs3_ib/nfs-ip34/home/def-ilafores/analysis/projet_PROVID19/Feces/preproc/GQ32/GQ32_unmatched_2.fastq,GQ32,9243066a,812556000,31,DNA,1000,812556,True,0.8077254023211509,0.958649255141397,0.8831873287312739,0.958649255141397,False,7348,4128724,9440946
458000,0.0005636534589615977,0.08636671942120733,0.00047012144393740246,0.00024298412468411534,6.005235602094241,1.0,18.56994627147972,/net/nfs-ip34/home/def-ilafores/ref_dbs/sourmash_db/RefSeq_20250528.k31.sbt.zip,"NZ_CP172347.1 Clostridium sp. 10cd* chromosome, complete genome",7004ceefcd6696a06bbad6d1e5c7b9f6,0.10354962695003392,382000,108,630515000,/nfs3_ib/nfs-ip34/home/def-ilafores/analysis/projet_PROVID19/Feces/preproc/GQ32/GQ32_unmatched_2.fastq,GQ32,9243066a,812556000,31,DNA,1000,812556,True,0.7855863725031512,0.9294597724908862,0.8575230724970186,0.9294597724908862,False,2294,4131018,9440946
3944000,0.004853819305992449,0.07553234230614704,0.0004627373374881239,0.00017784234757830413,4.465425531914893,3.0,7.932486150069866,/net/nfs-ip34/home/def-ilafores/ref_dbs/sourmash_db/RefSeq_20250528.k31.sbt.zip,"NZ_CP081920.1 Bacteroides caccae strain BFG-100 chromosome, complete genome",cbccf2735894b89c5383dfa9cc789cf8,0.7922860586580956,376000,109,630139000,/nfs3_ib/nfs-ip34/home/def-ilafores/analysis/projet_PROVID19/Feces/preproc/GQ32/GQ32_unmatched_2.fastq,GQ32,9243066a,812556000,31,DNA,1000,812556,True,0.8420881106415438,0.992517400657396,0.91730275564947,0.992517400657396,False,1679,4132697,9440946
1516000,0.0018657175628510527,0.11688720856962823,0.0004565839154470584,0.0009895194824755908,25.18059299191375,15.0,43.290060993032064,/net/nfs-ip34/home/def-ilafores/ref_dbs/sourmash_db/RefSeq_20250528.k31.sbt.zip,"NZ_CP094467.1 Faecalibacterium sp. I4-1-79 chromosome, complete genome",463a8ff2f26f37a3c67c2a86a64398f8,0.47763074984247006,371000,110,629768000,/nfs3_ib/nfs-ip34/home/def-ilafores/analysis/projet_PROVID19/Feces/preproc/GQ32/GQ32_unmatched_2.fastq,GQ32,9243066a,812556000,31,DNA,1000,812556,True,0.816512374441906,0.9764457916976037,0.8964790830697549,0.9764457916976037,False,9342,4142039,9440946
451000,0.0005550386681041061,0.11383374689826303,0.000451661177814206,0.00020453458795336823,5.26158038147139,2.0,12.146571743986952,/net/nfs-ip34/home/def-ilafores/ref_dbs/sourmash_db/RefSeq_20250528.k31.sbt.zip,"NZ_AP031438.1 Pseudoflavonifractor gallinarum strain i42-0019-1B4 chromosome, complete genome",92985eccd492baad7ea1e3f3c13c1b98,0.13988833746898263,367000,111,629401000,/nfs3_ib/nfs-ip34/home/def-ilafores/analysis/projet_PROVID19/Feces/preproc/GQ32/GQ32_unmatched_2.fastq,GQ32,9243066a,812556000,31,DNA,1000,812556,True,0.7851961636637503,0.9385222320416369,0.8618591978526936,0.9385222320416369,False,1931,4143970,9440946
4055000,0.004990425275304102,0.06922784328642069,0.00044796912458956674,0.0003835420730083617,9.947802197802197,9.0,6.5679056996546175,/net/nfs-ip34/home/def-ilafores/ref_dbs/sourmash_db/RefSeq_20250528.k31.sbt.zip,"NZ_CP081902.1 Bacteroides salyersiae strain BFG-256 chromosome, complete genome",005ff03c83bbab91ab0c0835504f6882,0.7712057816660327,364000,112,629037000,/nfs3_ib/nfs-ip34/home/def-ilafores/analysis/projet_PROVID19/Feces/preproc/GQ32/GQ32_unmatched_2.fastq,GQ32,9243066a,812556000,31,DNA,1000,812556,True,0.8428423955722211,0.9916543733085749,0.917248384440398,0.9916543733085749,False,3621,4147591,9440946
2409000,0.002964718739385347,0.06301467955603295,0.0004332009116910096,0.0004964544866584345,13.315340909090908,2.0,31.436534060666062,/net/nfs-ip34/home/def-ilafores/ref_dbs/sourmash_db/RefSeq_20250528.k31.sbt.zip,"NZ_CP054003.1 Bacteroides fragilis strain FDAARGOS_763 chromosome, complete genome",8ba6909a0cd9ed021d840de375f8dd88,0.4312567132116004,352000,113,628685000,/nfs3_ib/nfs-ip34/home/def-ilafores/analysis/projet_PROVID19/Feces/preproc/GQ32/GQ32_unmatched_2.fastq,GQ32,9243066a,812556000,31,DNA,1000,812556,True,0.8288025537910284,0.9732340301455054,0.9010182919682669,0.9732340301455054,False,4687,4152278,9440946
403000,0.0004959658165098775,0.1406312425089892,0.0004332009116910096,7.689907346149422e-05,2.0625,1.0,6.454082789916078,/net/nfs-ip34/home/def-ilafores/ref_dbs/sourmash_db/RefSeq_20250528.k31.sbt.zip,NZ_CP117826.1 Christensenella massiliensis strain CA70 chromosome,fd3176dbd01209051596c3a99a7b3e26,0.16100679184978026,352000,114,628333000,/nfs3_ib/nfs-ip34/home/def-ilafores/analysis/projet_PROVID19/Feces/preproc/GQ32/GQ32_unmatched_2.fastq,GQ32,9243066a,812556000,31,DNA,1000,812556,True,0.7823510489381064,0.9427886139656063,0.8625698314518564,0.9427886139656063,False,726,4153004,9440946
2848000,0.003504989194590896,0.10305343511450382,0.00043197022728279653,0.00014945536178260103,4.01994301994302,2.0,10.17970446048097,/net/nfs-ip34/home/def-ilafores/ref_dbs/sourmash_db/RefSeq_20250528.k31.sbt.zip,"NZ_AP018532.1 Oscillibacter sp. PEA192 chromosome, complete genome",1874b1c1106f4973cf5b5c4b574ac6f1,0.8361714621256606,351000,115,627982000,/nfs3_ib/nfs-ip34/home/def-ilafores/analysis/projet_PROVID19/Feces/preproc/GQ32/GQ32_unmatched_2.fastq,GQ32,9243066a,812556000,31,DNA,1000,812556,True,0.8332903349603379,0.9942449599040244,0.9137676474321812,0.9942449599040244,False,1411,4154415,9440946
1644000,0.002023245167102329,0.1223763785129847,0.00042335543642530485,0.0009207763713509218,25.2703488372093,26.0,13.06133313004942,/net/nfs-ip34/home/def-ilafores/ref_dbs/sourmash_db/RefSeq_20250528.k31.sbt.zip,"NZ_CP117963.1 Faecalibacterium prausnitzii strain AP34BHI chromosome, complete genome",bc5680b67a040c88f41f779ed94a8fca,0.5848452508004269,344000,116,627638000,/nfs3_ib/nfs-ip34/home/def-ilafores/analysis/projet_PROVID19/Feces/preproc/GQ32/GQ32_unmatched_2.fastq,GQ32,9243066a,812556000,31,DNA,1000,812556,True,0.8186501374678242,0.9828453618034916,0.900747749635658,0.9828453618034916,False,8693,4163108,9440946
4221000,0.005194718887067476,0.061754520969603696,0.00039504969503640367,0.0012772025176290597,37.56386292834891,31.0,24.92911700797705,/net/nfs-ip34/home/def-ilafores/ref_dbs/sourmash_db/RefSeq_20250528.k31.sbt.zip,"NZ_CP103197.1 Phocaeicola vulgatus strain BFG-201 chromosome, complete genome",960bb5f95152f9a5590d4499db9b2620,0.812043093497499,321000,117,627317000,/nfs3_ib/nfs-ip34/home/def-ilafores/analysis/projet_PROVID19/Feces/preproc/GQ32/GQ32_unmatched_2.fastq,GQ32,9243066a,812556000,31,DNA,1000,812556,True,0.8439339404692023,0.993306313856753,0.9186201271629777,0.993306313856753,False,12058,4175166,9440946
1212000,0.0014915895027542718,0.04998387616897775,0.0003815121665460596,0.00013356712346411048,4.067741935483871,1.0,10.749580249772823,/net/nfs-ip34/home/def-ilafores/ref_dbs/sourmash_db/RefSeq_20250528.k31.sbt.zip,"NZ_CP053229.1 Enterocloster bolteae strain CBBP-2 chromosome, complete genome",2c7f1ed5ed72fbc8e35c73aaa96fdec4,0.19542083198968074,310000,118,627007000,/nfs3_ib/nfs-ip34/home/def-ilafores/analysis/projet_PROVID19/Feces/preproc/GQ32/GQ32_unmatched_2.fastq,GQ32,9243066a,812556000,31,DNA,1000,812556,True,0.8106388198095834,0.9486982341052762,0.8796685269574298,0.9486982341052762,False,1261,4176427,9440946
4870000,0.005993433067997775,0.048110511273420135,0.00037289737568856795,0.0006685770684420819,20.831683168316832,8.0,30.769901705438127,/net/nfs-ip34/home/def-ilafores/ref_dbs/sourmash_db/RefSeq_20250528.k31.sbt.zip,"NZ_CP072216.1 Bacteroides xylanisolvens strain CL11T00C03 chromosome, complete genome",f3a7db5030ffaeccc9f1bc5800350966,0.773261352810416,303000,119,626704000,/nfs3_ib/nfs-ip34/home/def-ilafores/analysis/projet_PROVID19/Feces/preproc/GQ32/GQ32_unmatched_2.fastq,GQ32,9243066a,812556000,31,DNA,1000,812556,True,0.8478365170136192,0.9917395265877482,0.9197880218006838,0.9917395265877482,False,6312,4182739,9440946
1780000,0.00219061824661931,0.13136146150500216,0.00037166669128035483,0.0034005066865121355,106.30463576158941,110.5,54.64333401266479,/net/nfs-ip34/home/def-ilafores/ref_dbs/sourmash_db/RefSeq_20250528.k31.sbt.zip,"NZ_AP031418.1 Bifidobacterium adolescentis strain i01-0019-E5 chromosome, complete genome",33863bab369a6bbab70cee49ea4000dc,0.7742496737712049,302000,120,626402000,/nfs3_ib/nfs-ip34/home/def-ilafores/analysis/projet_PROVID19/Feces/preproc/GQ32/GQ32_unmatched_2.fastq,GQ32,9243066a,812556000,31,DNA,1000,812556,True,0.8207517720279498,0.9917803904286598,0.9062660812283048,0.9917803904286598,False,32104,4214843,9440946
2122000,0.0026115123142281885,0.10968921389396709,0.00036920532246392866,0.00042601663011312637,13.406666666666666,8.0,20.18979830398401,/net/nfs-ip34/home/def-ilafores/ref_dbs/sourmash_db/RefSeq_20250528.k31.sbt.zip,"NZ_CP026548.1 Faecalibacterium prausnitzii strain 942/30-2 chromosome, complete genome",35aa97e0127f24ba3813815f3d766914,0.7758683729433272,300000,121,626102000,/nfs3_ib/nfs-ip34/home/def-ilafores/analysis/projet_PROVID19/Feces/preproc/GQ32/GQ32_unmatched_2.fastq,GQ32,9243066a,812556000,31,DNA,1000,812556,True,0.8254180050155924,0.9918472094296776,0.908632607222635,0.9918472094296776,False,4022,4218865,9440946
2142000,0.0026361260023924503,0.08024858146446906,0.0003655132692392894,0.00034805834076373276,11.063973063973064,8.0,9.973666423397184,/net/nfs-ip34/home/def-ilafores/ref_dbs/sourmash_db/RefSeq_20250528.k31.sbt.zip,"NZ_CP040518.1 Blautia sp. SC05B48 chromosome, complete genome",1123379c731757b61c292acf7bd31a34,0.5787624966225344,297000,122,625805000,/nfs3_ib/nfs-ip34/home/def-ilafores/analysis/projet_PROVID19/Feces/preproc/GQ32/GQ32_unmatched_2.fastq,GQ32,9243066a,812556000,31,DNA,1000,812556,True,0.8256678231363568,0.9825139424401841,0.9040908827882704,0.9825139424401841,False,3286,4222151,9440946
3708000,0.004563377785654158,0.054949190816710576,0.00035935984719822386,0.000910396055649508,29.434931506849313,26.0,20.574269382210076,/net/nfs-ip34/home/def-ilafores/ref_dbs/sourmash_db/RefSeq_20250528.k31.sbt.zip,"NZ_CP103222.1 Parabacteroides distasonis strain BFG-157 chromosome, complete genome",0396c40521f33d025f7f6ff3d4f295c0,0.6977794505080919,292000,123,625513000,/nfs3_ib/nfs-ip34/home/def-ilafores/analysis/projet_PROVID19/Feces/preproc/GQ32/GQ32_unmatched_2.fastq,GQ32,9243066a,812556000,31,DNA,1000,812556,True,0.8404136748600795,0.9884589789902308,0.9144363269251552,0.9884589789902308,False,8595,4230746,9440946
1367000,0.0016823455860273016,0.040877367896311065,0.0003532064251571584,0.0004005954488035415,13.177700348432056,12.0,8.478284883880104,/net/nfs-ip34/home/def-ilafores/ref_dbs/sourmash_db/RefSeq_20250528.k31.sbt.zip,"NZ_CP081903.1 Bacteroides cellulosilyticus strain BFG-250 chromosome, complete genome",6567e1e09256d8c7a31fd1e8d0b378f2,0.19470160945734225,287000,124,625226000,/nfs3_ib/nfs-ip34/home/def-ilafores/analysis/projet_PROVID19/Feces/preproc/GQ32/GQ32_unmatched_2.fastq,GQ32,9243066a,812556000,31,DNA,1000,812556,True,0.8137919583486849,0.9485854018133222,0.8811886800810036,0.9485854018133222,False,3782,4234528,9440946
698000,0.0008590177169327406,0.11120064464141821,0.00033966889666681437,0.0005970799960088746,20.42391304347826,20.0,7.409209450952965,/net/nfs-ip34/home/def-ilafores/ref_dbs/sourmash_db/RefSeq_20250528.k31.sbt.zip,"NZ_AP031421.1 Collinsella sp. i05-0019-G5 chromosome, complete genome",f81cc3ef25c95cbc9b1785d595b1acfe,0.28122481869460114,276000,125,624950000,/nfs3_ib/nfs-ip34/home/def-ilafores/analysis/projet_PROVID19/Feces/preproc/GQ32/GQ32_unmatched_2.fastq,GQ32,9243066a,812556000,31,DNA,1000,812556,True,0.7963369044835847,0.9599034154538197,0.8781201599687023,0.9599034154538197,False,5637,4240165,9440946
985000,0.0012122241420898991,0.07351757445666757,0.00033720752785038814,0.0003545195576799189,12.215328467153284,4.0,16.860775499352172,/net/nfs-ip34/home/def-ilafores/ref_dbs/sourmash_db/RefSeq_20250528.k31.sbt.zip,"NZ_AP028156.1 Blautia luti strain JCM 17040 chromosome, complete genome",2c68bd9dadc6532293ac0421ad590fc2,0.2642876308022538,274000,126,624676000,/nfs3_ib/nfs-ip34/home/def-ilafores/analysis/projet_PROVID19/Feces/preproc/GQ32/GQ32_unmatched_2.fastq,GQ32,9243066a,812556000,31,DNA,1000,812556,True,0.8052338624628367,0.9579819302212123,0.8816078963420244,0.9579819302212123,False,3347,4243512,9440946
4537000,0.005583615160062814,0.040657698056801195,0.00033474615903396197,0.00041055207814979556,14.25,6.0,19.70135483546604,/net/nfs-ip34/home/def-ilafores/ref_dbs/sourmash_db/RefSeq_20250528.k31.sbt.zip,"NZ_CP072244.1 Bacteroides ovatus strain CL06T03C20 chromosome, complete genome",351f8438ec8d8675fbef71d53ee9a94a,0.6781763826606876,272000,127,624404000,/nfs3_ib/nfs-ip34/home/def-ilafores/analysis/projet_PROVID19/Feces/preproc/GQ32/GQ32_unmatched_2.fastq,GQ32,9243066a,812556000,31,DNA,1000,812556,True,0.8459016150050997,0.9875507898631006,0.9167262024341002,0.9875507898631006,False,3876,4247388,9440946
1792000,0.002205386459517867,0.08574150523975865,0.0003322847902175358,0.0009253309996688892,32.355555555555554,30.0,26.54052573278908,/net/nfs-ip34/home/def-ilafores/ref_dbs/sourmash_db/RefSeq_20250528.k31.sbt.zip,"NZ_AP031452.1 Agathobacter rectalis strain k41-0107-C12 chromosome, complete genome",26ae838edf91db815bafb3211b734604,0.5690695458875834,270000,128,624134000,/nfs3_ib/nfs-ip34/home/def-ilafores/analysis/projet_PROVID19/Feces/preproc/GQ32/GQ32_unmatched_2.fastq,GQ32,9243066a,812556000,31,DNA,1000,812556,True,0.8209296813177263,0.9819787909896049,0.9014542361536656,0.9819787909896049,False,8736,4256124,9440946
2040000,0.002510596192754715,0.08916141862777593,0.0003310541058093227,0.001011127486588738,35.486988847583646,35.0,33.36077457919763,/net/nfs-ip34/home/def-ilafores/ref_dbs/sourmash_db/RefSeq_20250528.k31.sbt.zip,"NZ_CP094471.1 Faecalibacterium sp. IP-3-29 chromosome, complete genome",d566eb779c3a1233616a97a7ab79e713,0.6761683791846205,269000,129,623865000,/nfs3_ib/nfs-ip34/home/def-ilafores/analysis/projet_PROVID19/Feces/preproc/GQ32/GQ32_unmatched_2.fastq,GQ32,9243066a,812556000,31,DNA,1000,812556,True,0.8243693462369839,0.9874563310427067,0.9059128386398453,0.9874563310427067,False,9546,4265670,9440946
362000,0.00044550775577314057,0.07417974322396577,0.0003199779461354048,0.00024520847804870404,8.903846153846153,4.0,18.120387599208854,/net/nfs-ip34/home/def-ilafores/ref_dbs/sourmash_db/RefSeq_20250528.k31.sbt.zip,NZ_AP031406.1 Owariibacterium komagatae strain 13GAM1G chromosome,d256ac8ac3b99e32f5341206201ec025,0.10328102710413695,260000,130,623605000,/nfs3_ib/nfs-ip34/home/def-ilafores/analysis/projet_PROVID19/Feces/preproc/GQ32/GQ32_unmatched_2.fastq,GQ32,9243066a,812556000,31,DNA,1000,812556,True,0.7796479783054459,0.9293819021986434,0.8545149402520447,0.9293819021986434,False,2315,4267985,9440946
4620000,0.005685761965944501,0.04441734889392092,0.00031382452409433936,0.0008308489424682653,30.76078431372549,21.0,32.39791858741263,/net/nfs-ip34/home/def-ilafores/ref_dbs/sourmash_db/RefSeq_20250528.k31.sbt.zip,"NZ_CP072246.1 Phocaeicola dorei strain CL06T03C03 chromosome, complete genome",833ce107256231b46fdcaa8f4db23439,0.8047378505486849,255000,131,623350000,/nfs3_ib/nfs-ip34/home/def-ilafores/analysis/projet_PROVID19/Feces/preproc/GQ32/GQ32_unmatched_2.fastq,GQ32,9243066a,812556000,31,DNA,1000,812556,True,0.846396440333287,0.9930167964793236,0.9197066184063053,0.9930167964793236,False,7844,4275829,9440946
1665000,0.002049089539674804,0.10747456877487838,0.0002990563111957822,0.001767089865782518,68.65432098765432,68.0,22.125619933930732,/net/nfs-ip34/home/def-ilafores/ref_dbs/sourmash_db/RefSeq_20250528.k31.sbt.zip,"NZ_CP006741.1 Bifidobacterium longum subsp. longum GT15 chromosome, complete genome",818371ed2f31e2b04b4742c918ddf8a0,0.7363998230871296,243000,132,623107000,/nfs3_ib/nfs-ip34/home/def-ilafores/analysis/projet_PROVID19/Feces/preproc/GQ32/GQ32_unmatched_2.fastq,GQ32,9243066a,812556000,31,DNA,1000,812556,True,0.8189853991441913,0.9901781630674674,0.9045817811058294,0.9901781630674674,False,16683,4292512,9440946
1800000,0.002215231934783572,0.07697201017811704,0.0002978256267875691,0.00017826603393346387,6.954545454545454,5.0,7.513211504239583,/net/nfs-ip34/home/def-ilafores/ref_dbs/sourmash_db/RefSeq_20250528.k31.sbt.zip,"NZ_AP031429.1 Dorea longicatena strain i26-0019-D6 chromosome, complete genome",8c077732bd97ee96b603cc65c422945d,0.5725190839694656,242000,133,622865000,/nfs3_ib/nfs-ip34/home/def-ilafores/analysis/projet_PROVID19/Feces/preproc/GQ32/GQ32_unmatched_2.fastq,GQ32,9243066a,812556000,31,DNA,1000,812556,True,0.8210476481286699,0.9821702453994398,0.9016089467640549,0.9821702453994398,False,1683,4294195,9440946
1483000,0.0018251049773800206,0.06824671616219304,0.0002941335735629298,0.00031299829487426367,12.364016736401673,3.0,23.996454632129595,/net/nfs-ip34/home/def-ilafores/ref_dbs/sourmash_db/RefSeq_20250528.k31.sbt.zip,"NC_015977.1 Roseburia hominis A2-183, complete sequence",2c4be6d3f461c9f71df87a5d7ae22e2f,0.423472301541976,239000,134,622626000,/nfs3_ib/nfs-ip34/home/def-ilafores/analysis/projet_PROVID19/Feces/preproc/GQ32/GQ32_unmatched_2.fastq,GQ32,9243066a,812556000,31,DNA,1000,812556,True,0.8159329031526616,0.9726623312463802,0.8942976171995209,0.9726623312463802,False,2955,4297150,9440946
1377000,0.0016946524301094325,0.0833922261484099,0.00029044152033829053,0.0001642843842131922,6.572033898305085,5.0,5.60938054517126,/net/nfs-ip34/home/def-ilafores/ref_dbs/sourmash_db/RefSeq_20250528.k31.sbt.zip,"NC_022567.1 Adlercreutzia equolifaciens DSM 19450, complete sequence",02b170c1c65259d332d2411d92d0f08f,0.4865724381625442,236000,135,622390000,/nfs3_ib/nfs-ip34/home/def-ilafores/analysis/projet_PROVID19/Feces/preproc/GQ32/GQ32_unmatched_2.fastq,GQ32,9243066a,812556000,31,DNA,1000,812556,True,0.8139833180866671,0.9770301911283262,0.8955067546074966,0.9770301911283262,False,1551,4298701,9440946
1985000,0.0024429085503029943,0.07756324900133156,0.00028674946711365124,0.0004355495731042207,17.6480686695279,13.0,24.689239513847088,/net/nfs-ip34/home/def-ilafores/ref_dbs/sourmash_db/RefSeq_20250528.k31.sbt.zip,"NZ_CP094472.1 Faecalibacterium sp. IP-1-18 chromosome, complete genome",0b1b8956f9826b69686f1f8520bdfb5e,0.6607856191744341,233000,136,622157000,/nfs3_ib/nfs-ip34/home/def-ilafores/analysis/projet_PROVID19/Feces/preproc/GQ32/GQ32_unmatched_2.fastq,GQ32,9243066a,812556000,31,DNA,1000,812556,True,0.8236428681118694,0.9867235706642841,0.9051832193880767,0.9867235706642841,False,4112,4302813,9440946
2578000,0.00317270440437336,0.06467941507311586,0.00028305741388901195,0.0005991984277846732,24.595652173913045,20.0,31.618472562465207,/net/nfs-ip34/home/def-ilafores/ref_dbs/sourmash_db/RefSeq_20250528.k31.sbt.zip,"NZ_CP173706.1 Alistipes shahii strain CIP112230 chromosome, complete genome",214150bf2398bbfa49ab399581721b68,0.7249718785151856,230000,137,621927000,/nfs3_ib/nfs-ip34/home/def-ilafores/analysis/projet_PROVID19/Feces/preproc/GQ32/GQ32_unmatched_2.fastq,GQ32,9243066a,812556000,31,DNA,1000,812556,True,0.830617267307496,0.9896787172516729,0.9101479922795844,0.9896787172516729,False,5657,4308470,9440946
1989000,0.0024478312879358467,0.08226037195994278,0.00028305741388901195,0.000315752256182802,12.960869565217392,12.0,10.878108816231311,/net/nfs-ip34/home/def-ilafores/ref_dbs/sourmash_db/RefSeq_20250528.k31.sbt.zip,"NZ_CP132968.1 Anaerostipes hadrus strain BA1 chromosome, complete genome",f73fd890bde9240f282aef5dc2a2f54a,0.7113733905579399,230000,138,621697000,/nfs3_ib/nfs-ip34/home/def-ilafores/analysis/projet_PROVID19/Feces/preproc/GQ32/GQ32_unmatched_2.fastq,GQ32,9243066a,812556000,31,DNA,1000,812556,True,0.8236963557745682,0.9890743865606144,0.9063853711675913,0.9890743865606144,False,2981,4311451,9440946
291000,0.0003581291627900108,0.04744833403627161,0.0002769039918479465,5.306671598375841e-05,2.2266666666666666,1.0,6.769027502775664,/net/nfs-ip34/home/def-ilafores/ref_dbs/sourmash_db/RefSeq_20250528.k31.sbt.zip,"NZ_AP031453.1 Lactonifactor longoviformis strain k42-0107-F6 chromosome, complete genome",4c5cd89712d46936a9f6c76fcd06bc20,0.061366512020244623,225000,139,621472000,/nfs3_ib/nfs-ip34/home/def-ilafores/analysis/projet_PROVID19/Feces/preproc/GQ32/GQ32_unmatched_2.fastq,GQ32,9243066a,812556000,31,DNA,1000,812556,True,0.7741765101114071,0.9139049175136602,0.8440407138125336,0.9139049175136602,False,501,4311952,9440946
1898000,0.0023358390067884554,0.07292707292707293,0.0002695198853986679,0.0002970041349669832,12.80365296803653,9.0,13.880862466727638,/net/nfs-ip34/home/def-ilafores/ref_dbs/sourmash_db/RefSeq_20250528.k31.sbt.zip,"NZ_CP173381.1 Dorea formicigenerans strain JCM 31256 chromosome, complete genome",dd29d2640adac915604f66646e32abae,0.6320346320346321,219000,140,621253000,/nfs3_ib/nfs-ip34/home/def-ilafores/analysis/projet_PROVID19/Feces/preproc/GQ32/GQ32_unmatched_2.fastq,GQ32,9243066a,812556000,31,DNA,1000,812556,True,0.8224529477633193,0.9853086292459697,0.9038807885046445,0.9853086292459697,False,2804,4314756,9440946
568000,0.0006990287438650382,0.058161350844277676,0.0002670585165822417,0.00037178477665267864,16.17511520737327,6.0,29.95152347756755,/net/nfs-ip34/home/def-ilafores/ref_dbs/sourmash_db/RefSeq_20250528.k31.sbt.zip,"NZ_OZ186745.1 Mediterraneibacter gnavus isolate LUMC_Rgna_QRD018 chromosome 1, complete sequence",1db489ce378c8c9dd0db628b18549369,0.1522380058965425,217000,141,621036000,/nfs3_ib/nfs-ip34/home/def-ilafores/analysis/projet_PROVID19/Feces/preproc/GQ32/GQ32_unmatched_2.fastq,GQ32,9243066a,812556000,31,DNA,1000,812556,True,0.7910601681080432,0.9410870060530101,0.8660735870805267,0.9410870060530101,False,3510,4318266,9440946
1534000,0.0018878698821988885,0.07466952483029654,0.00025721304131653695,0.00024213675197379584,10.937799043062201,2.0,24.512685065636532,/net/nfs-ip34/home/def-ilafores/ref_dbs/sourmash_db/RefSeq_20250528.k31.sbt.zip,"NZ_CP094473.1 Faecalibacterium wellingii strain HTF-F chromosome, complete genome",1a6ea346590b713f033b7fae8ab21643,0.5480528760271526,209000,142,620827000,/nfs3_ib/nfs-ip34/home/def-ilafores/analysis/projet_PROVID19/Feces/preproc/GQ32/GQ32_unmatched_2.fastq,GQ32,9243066a,812556000,31,DNA,1000,812556,True,0.8168233250878243,0.9807874907736263,0.8988054079307253,0.9807874907736263,False,2286,4320552,9440946
590000,0.0007261038008457263,0.04913363399003086,0.0002547516725001108,0.0005876529746065702,26.801932367149757,17.0,28.809123557142303,/net/nfs-ip34/home/def-ilafores/ref_dbs/sourmash_db/RefSeq_20250528.k31.sbt.zip,"NZ_CP102289.1 Roseburia intestinalis strain L1 82 chromosome, complete genome",9078f78f3ee2e2a4ff118532503c417a,0.14004272489912176,207000,143,620620000,/nfs3_ib/nfs-ip34/home/def-ilafores/analysis/projet_PROVID19/Feces/preproc/GQ32/GQ32_unmatched_2.fastq,GQ32,9243066a,812556000,31,DNA,1000,812556,True,0.7920304779014801,0.938555627044348,0.8652930524729141,0.938555627044348,False,5548,4326100,9440946
654000,0.0008048676029713645,0.09042787825319806,0.00025229030368368455,3.7919928786797425e-05,1.7463414634146341,1.0,1.0610849396991717,/net/nfs-ip34/home/def-ilafores/ref_dbs/sourmash_db/RefSeq_20250528.k31.sbt.zip,"NZ_CP090007.1 Streptococcus salivarius strain SALI-10 chromosome, complete genome",b0ceb0f243027b084ee39ec253dbc89b,0.28848698720776356,205000,144,620415000,/nfs3_ib/nfs-ip34/home/def-ilafores/analysis/projet_PROVID19/Feces/preproc/GQ32/GQ32_unmatched_2.fastq,GQ32,9243066a,812556000,31,DNA,1000,812556,True,0.7946660504409606,0.9606932007940642,0.8776796256175123,0.9606932007940642,False,358,4326458,9440946
4256000,0.005237792841354934,0.03276330509828992,0.00025229030368368455,0.000769308499381312,35.42926829268293,5.0,133.2954214790196,/net/nfs-ip34/home/def-ilafores/ref_dbs/sourmash_db/RefSeq_20250528.k31.sbt.zip,"NZ_CP042282.1 Bacteroides xylanisolvens strain APCS1/XY chromosome, complete genome",5b9c0b804dcb35d49a9058ef0c729857,0.6801981780405946,205000,145,620210000,/nfs3_ib/nfs-ip34/home/def-ilafores/analysis/projet_PROVID19/Feces/preproc/GQ32/GQ32_unmatched_2.fastq,GQ32,9243066a,812556000,31,DNA,1000,812556,True,0.8441587749565536,0.9876456244103594,0.9159021996834564,0.9876456244103594,False,7263,4333721,9440946
1024000,0.0012602208340102097,0.0007910434508866951,0.00024121414400976672,0.0006223952557296695,29.979591836734695,2.0,110.71405341835876,/net/nfs-ip34/home/def-ilafores/ref_dbs/sourmash_db/RefSeq_20250528.k31.sbt.zip,"NZ_MBNZ01000028.1 Escherichia coli strain 10-2735_1 map unlocalized plasmid punknown5 contig123, whole genome shotgun sequence",8051cea624a45a3e4dc84e7fef1c6e83,0.004132798437285591,196000,146,620014000,/nfs3_ib/nfs-ip34/home/def-ilafores/analysis/projet_PROVID19/Feces/preproc/GQ32/GQ32_unmatched_2.fastq,GQ32,9243066a,812556000,31,DNA,1000,812556,True,0.8062431190431819,0.8377311267741352,0.8219871229086586,0.8377311267741352,False,5876,4339597,9440946
2288000,0.0028158059259915623,0.06671228190215532,0.00023998345960155363,0.0005931608972236469,28.71794871794872,28.0,20.973424842843283,/net/nfs-ip34/home/def-ilafores/ref_dbs/sourmash_db/RefSeq_20250528.k31.sbt.zip,"NZ_CP065382.1 Faecalibacterium prausnitzii strain Fp944 chromosome, complete genome",815b92b0272af68e89d6f30eed8923eb,0.7827574409852891,195000,147,619819000,/nfs3_ib/nfs-ip34/home/def-ilafores/analysis/projet_PROVID19/Feces/preproc/GQ32/GQ32_unmatched_2.fastq,GQ32,9243066a,812556000,31,DNA,1000,812556,True,0.8274259170350499,0.9921300856487437,0.9097780013418968,0.9921300856487437,False,5600,4345197,9440946
4219000,0.00519225751825105,0.03762916747904075,0.00023752209078512743,0.0008923893855552188,43.652849740932645,45.0,17.544870813972288,/net/nfs-ip34/home/def-ilafores/ref_dbs/sourmash_db/RefSeq_20250528.k31.sbt.zip,"NZ_CP143952.1 Phocaeicola vulgatus strain DFI.4.81 chromosome, complete genome",277623bb21bf8d096347cc62995689ef,0.8225775004874244,193000,148,619626000,/nfs3_ib/nfs-ip34/home/def-ilafores/analysis/projet_PROVID19/Feces/preproc/GQ32/GQ32_unmatched_2.fastq,GQ32,9243066a,812556000,31,DNA,1000,812556,True,0.8439210383517097,0.9937194002850142,0.9188202193183619,0.9937194002850142,False,8425,4353622,9440946
2219000,0.002730888701824859,0.06755805770584096,0.00023629140637691434,0.00013271975075379098,6.526041666666667,6.0,4.370753767745775,/net/nfs-ip34/home/def-ilafores/ref_dbs/sourmash_db/RefSeq_20250528.k31.sbt.zip,"NZ_CP102280.1 Dorea longicatena strain DSM 13814 chromosome, complete genome",2e1846f271e5a6c1736e89d400b10289,0.7807881773399015,192000,149,619434000,/nfs3_ib/nfs-ip34/home/def-ilafores/analysis/projet_PROVID19/Feces/preproc/GQ32/GQ32_unmatched_2.fastq,GQ32,9243066a,812556000,31,DNA,1000,812556,True,0.8266089991387782,0.9920494712140318,0.909329235176405,0.9920494712140318,False,1253,4354875,9440946
1949000,0.002398603911607323,0.06550991501416431,0.00022767661551942266,0.0005397764164735186,27.545945945945945,16.0,24.16495781637842,/net/nfs-ip34/home/def-ilafores/ref_dbs/sourmash_db/RefSeq_20250528.k31.sbt.zip,NZ_CP100125.1 Faecalibacterium duncaniae strain NB2B-19-DCM chromosome,ce4fdc293b1b11e3766ab11638f10cc6,0.6901558073654391,185000,150,619249000,/nfs3_ib/nfs-ip34/home/def-ilafores/analysis/projet_PROVID19/Feces/preproc/GQ32/GQ32_unmatched_2.fastq,GQ32,9243066a,812556000,31,DNA,1000,812556,True,0.8231567303980097,0.9881087535246285,0.905632741961319,0.9881087535246285,False,5096,4359971,9440946
3878000,0.004772594135050384,0.03616161616161616,0.00022029250907014408,6.556546346097096e-05,3.458100558659218,3.0,2.899080719438649,/net/nfs-ip34/home/def-ilafores/ref_dbs/sourmash_db/RefSeq_20250528.k31.sbt.zip,NZ_CP134819.1 Bacteroides caccae strain H-1617 chromosome,d3b7db64a3ee051cbbe16b797861660f,0.7834343434343435,179000,151,619070000,/nfs3_ib/nfs-ip34/home/def-ilafores/analysis/projet_PROVID19/Feces/preproc/GQ32/GQ32_unmatched_2.fastq,GQ32,9243066a,812556000,31,DNA,1000,812556,True,0.8416298167567037,0.9921577502329434,0.9168937834948235,0.9921577502329434,False,619,4360590,9440946
188000,0.00023136866874406194,0.08297362110311751,0.0002129084026208655,2.796329944054335e-05,1.5260115606936415,1.0,0.8157869634950946,/net/nfs-ip34/home/def-ilafores/ref_dbs/sourmash_db/RefSeq_20250528.k31.sbt.zip,"NZ_CP139419.1 Streptococcus lingualis strain S5 chromosome, complete genome",8cc3e617e164ee9e89b0213e54dc6acd,0.09016786570743406,173000,152,618897000,/nfs3_ib/nfs-ip34/home/def-ilafores/analysis/projet_PROVID19/Feces/preproc/GQ32/GQ32_unmatched_2.fastq,GQ32,9243066a,812556000,31,DNA,1000,812556,True,0.7633426030412905,0.9253200938580283,0.8443313484496594,0.9253200938580283,False,264,4360854,9440946
1384000,0.001703267220966924,0.06094084105488239,0.00021044703380443934,8.155962336825145e-05,4.502923976608187,3.0,8.410779959108206,/net/nfs-ip34/home/def-ilafores/ref_dbs/sourmash_db/RefSeq_20250528.k31.sbt.zip,"NZ_AP024085.1 Faecalibacillus intestinalis strain 14EGH31 chromosome, complete genome",ad2202613b9c5f4de5c0bb121ca6ed7a,0.4932287954383464,171000,153,618726000,/nfs3_ib/nfs-ip34/home/def-ilafores/analysis/projet_PROVID19/Feces/preproc/GQ32/GQ32_unmatched_2.fastq,GQ32,9243066a,812556000,31,DNA,1000,812556,True,0.8141164713728715,0.9774585194478617,0.8957874954103666,0.9774585194478617,False,770,4361624,9440946
2069000,0.0025462860405928945,0.0531055900621118,0.00021044703380443934,0.000337572103473529,18.637426900584796,5.0,33.15244960808456,/net/nfs-ip34/home/def-ilafores/ref_dbs/sourmash_db/RefSeq_20250528.k31.sbt.zip,"NZ_CP172254.1 Alistipes communis strain CIP112231 chromosome, complete genome",d941499676ba65c47aeee15f709cbc7a,0.6425465838509317,171000,154,618555000,/nfs3_ib/nfs-ip34/home/def-ilafores/analysis/projet_PROVID19/Feces/preproc/GQ32/GQ32_unmatched_2.fastq,GQ32,9243066a,812556000,31,DNA,1000,812556,True,0.824744801402553,0.9858330523688362,0.9052889268856946,0.9858330523688362,False,3187,4364811,9440946
2892000,0.003559139308552272,0.03190690690690691,0.00020921634939622622,0.0003560024599229781,19.770588235294117,19.0,14.250707503835086,/net/nfs-ip34/home/def-ilafores/ref_dbs/sourmash_db/RefSeq_20250528.k31.sbt.zip,"NZ_CP132899.1 Parabacteroides distasonis strain GP102 chromosome, complete genome",8fa656a91271df1507c7ca1413cd3acd,0.5427927927927928,170000,155,618385000,/nfs3_ib/nfs-ip34/home/def-ilafores/analysis/projet_PROVID19/Feces/preproc/GQ32/GQ32_unmatched_2.fastq,GQ32,9243066a,812556000,31,DNA,1000,812556,True,0.8337025476276723,0.9804824145668334,0.9070924810972528,0.9804824145668334,False,3361,4368172,9440946
355000,0.0004368929649156489,0.06712774613506917,0.00020306292735516076,0.00030812590178992655,17.63030303030303,8.0,21.55591017666701,/net/nfs-ip34/home/def-ilafores/ref_dbs/sourmash_db/RefSeq_20250528.k31.sbt.zip,NZ_AP023415.1 Vescimonas fastidiosa strain MM35 chromosome,5128153ef7f1c80fc4c112268b755214,0.14442636289666397,165000,156,618220000,/nfs3_ib/nfs-ip34/home/def-ilafores/analysis/projet_PROVID19/Feces/preproc/GQ32/GQ32_unmatched_2.fastq,GQ32,9243066a,812556000,31,DNA,1000,812556,True,0.7791570446887607,0.939489264405038,0.8593231545468993,0.939489264405038,False,2909,4371081,9440946
1023000,0.0012589901496019966,0.04766133806986383,0.00019814018972230836,5.6879893180196134e-05,3.3354037267080745,1.0,6.255376916298094,/net/nfs-ip34/home/def-ilafores/ref_dbs/sourmash_db/RefSeq_20250528.k31.sbt.zip,"NZ_CP089333.1 Eggerthella lenta strain APC055-539-5C chromosome, complete genome",dc0577b2c681b7ca7355fb74d7cf98f9,0.302841918294849,161000,157,618059000,/nfs3_ib/nfs-ip34/home/def-ilafores/analysis/projet_PROVID19/Feces/preproc/GQ32/GQ32_unmatched_2.fastq,GQ32,9243066a,812556000,31,DNA,1000,812556,True,0.8062177087502918,0.9621992895181197,0.8842084991342057,0.9621992895181197,False,537,4371618,9440946
2430000,0.002990563111957822,0.05922293474160694,0.000193217452089456,0.00022127019898217826,13.305732484076433,12.0,10.913476983870899,/net/nfs-ip34/home/def-ilafores/ref_dbs/sourmash_db/RefSeq_20250528.k31.sbt.zip,"NZ_AP028249.1 [Ruminococcus] torques strain 17EGH124 chromosome, complete genome",435d8e70fb203ed034f71349b4691d0d,0.9166352319879291,157000,158,617902000,/nfs3_ib/nfs-ip34/home/def-ilafores/analysis/projet_PROVID19/Feces/preproc/GQ32/GQ32_unmatched_2.fastq,GQ32,9243066a,812556000,31,DNA,1000,812556,True,0.8290346385284244,0.9971960136964748,0.9131153261124496,0.9971960136964748,False,2089,4373707,9440946
1207000,0.0014854360807132062,0.06861443116423196,0.0001907560832730298,0.00010073143093923003,6.135483870967742,2.0,22.272817924866533,/net/nfs-ip34/home/def-ilafores/ref_dbs/sourmash_db/RefSeq_20250528.k31.sbt.zip,"NZ_CP092890.1 Bifidobacterium sp. SKU chromosome, complete genome",b03aba65523b17b48b79c8668856c61d,0.534307215582116,155000,159,617747000,/nfs3_ib/nfs-ip34/home/def-ilafores/analysis/projet_PROVID19/Feces/preproc/GQ32/GQ32_unmatched_2.fastq,GQ32,9243066a,812556000,31,DNA,1000,812556,True,0.8105307258323342,0.9799841820258257,0.89525745392908,0.9799841820258257,False,951,4374658,9440946
1730000,0.0021290840262086553,0.07149489322191271,0.0001895253988648167,0.0014181841523084656,86.94155844155844,90.0,42.635305931316765,/net/nfs-ip34/home/def-ilafores/ref_dbs/sourmash_db/RefSeq_20250528.k31.sbt.zip,"NZ_CP024959.1 Bifidobacterium adolescentis strain P2P3 chromosome, complete genome",02540731e01579acae615f0109be8749,0.8031569173630455,154000,160,617593000,/nfs3_ib/nfs-ip34/home/def-ilafores/analysis/projet_PROVID19/Feces/preproc/GQ32/GQ32_unmatched_2.fastq,GQ32,9243066a,812556000,31,DNA,1000,812556,True,0.81999776944546,0.9929538071251431,0.9064757882853016,0.9929538071251431,False,13389,4388047,9440946
689000,0.0008479415572588228,0.06526406182911121,0.0001870640300483905,0.00036924265852172016,22.93421052631579,22.0,10.458357934806054,/net/nfs-ip34/home/def-ilafores/ref_dbs/sourmash_db/RefSeq_20250528.k31.sbt.zip,"NZ_CP048433.1 Collinsella aerofaciens ATCC 25986 strain JCM 10188 chromosome, complete genome",9873f57bc1ce2e7504544c43132060be,0.29583512237011594,152000,161,617441000,/nfs3_ib/nfs-ip34/home/def-ilafores/analysis/projet_PROVID19/Feces/preproc/GQ32/GQ32_unmatched_2.fastq,GQ32,9243066a,812556000,31,DNA,1000,812556,True,0.7960035959868113,0.9614729894772995,0.8787382927320554,0.9614729894772995,False,3486,4391533,9440946
4102000,0.005048267442490118,0.026912442396313366,0.00017967992359911193,0.00025484734262858826,16.47945205479452,10.5,18.353910104882615,/net/nfs-ip34/home/def-ilafores/ref_dbs/sourmash_db/RefSeq_20250528.k31.sbt.zip,NZ_CP083674.1 Bacteroides salyersiae strain WAL9166 chromosome,78a9691c804df8c5d45c406f1737a1e3,0.7561290322580645,146000,162,617295000,/nfs3_ib/nfs-ip34/home/def-ilafores/analysis/projet_PROVID19/Feces/preproc/GQ32/GQ32_unmatched_2.fastq,GQ32,9243066a,812556000,31,DNA,1000,812556,True,0.8431557729206346,0.9910230120684789,0.9170893924945567,0.9910230120684789,False,2406,4393939,9440946
1917000,0.002359222010544504,0.049252717391304345,0.00017844923919089884,0.0003050541757150184,19.862068965517242,10.0,32.3362976768139,/net/nfs-ip34/home/def-ilafores/ref_dbs/sourmash_db/RefSeq_20250528.k31.sbt.zip,"NZ_CP065376.1 Faecalibacterium prausnitzii strain Fp360 chromosome, complete genome",2c2d74013e8cf3a4113eeeae8dce1511,0.6511548913043478,145000,163,617150000,/nfs3_ib/nfs-ip34/home/def-ilafores/analysis/projet_PROVID19/Feces/preproc/GQ32/GQ32_unmatched_2.fastq,GQ32,9243066a,812556000,31,DNA,1000,812556,True,0.8227172566633316,0.9862563589367471,0.9044868078000394,0.9862563589367471,False,2880,4396819,9440946
3921000,0.004825513564603547,0.029900332225913623,0.00017721855478268576,0.0006916679747982882,45.34722222222222,45.0,20.081196098051407,/net/nfs-ip34/home/def-ilafores/ref_dbs/sourmash_db/RefSeq_20250528.k31.sbt.zip,"NZ_AP025235.1 Phocaeicola vulgatus strain MG01-07 chromosome, complete genome",3e8e6512d8fba7f340a66394caebf5dc,0.8141611295681063,144000,164,617006000,/nfs3_ib/nfs-ip34/home/def-ilafores/analysis/projet_PROVID19/Feces/preproc/GQ32/GQ32_unmatched_2.fastq,GQ32,9243066a,812556000,31,DNA,1000,812556,True,0.8419292504007858,0.9933897834423867,0.9176595169215862,0.9933897834423867,False,6530,4403349,9440946
2216000,0.0027271966486002194,0.022375215146299483,0.00017598787037447264,5.518514775955715e-05,3.6433566433566433,2.0,3.863774006344861,/net/nfs-ip34/home/def-ilafores/ref_dbs/sourmash_db/RefSeq_20250528.k31.sbt.zip,NZ_CP083683.1 Bacteroides thetaiotaomicron strain VPI-BT7853 chromosome,8b45c98d7c8c5311425c50e58478a45c,0.34673759974964796,143000,165,616863000,/nfs3_ib/nfs-ip34/home/def-ilafores/analysis/projet_PROVID19/Feces/preproc/GQ32/GQ32_unmatched_2.fastq,GQ32,9243066a,812556000,31,DNA,1000,812556,True,0.8265729257741901,0.9664097894965975,0.8964913576353938,0.9664097894965975,False,521,4403870,9440946
1190000,0.0014645144457735835,0.04700272479564033,0.00016983444833340718,0.00021946953197274935,15.014492753623188,11.0,17.916871454406195,/net/nfs-ip34/home/def-ilafores/ref_dbs/sourmash_db/RefSeq_20250528.k31.sbt.zip,"NZ_CP094469.1 Faecalibacterium sp. I3-3-33 chromosome, complete genome",78db35fa6d9edc0fa99c8623efbe174d,0.4053133514986376,138000,166,616725000,/nfs3_ib/nfs-ip34/home/def-ilafores/analysis/projet_PROVID19/Feces/preproc/GQ32/GQ32_unmatched_2.fastq,GQ32,9243066a,812556000,31,DNA,1000,812556,True,0.8101599370406144,0.9712881581129481,0.8907240475767813,0.9712881581129481,False,2072,4405942,9440946
152000,0.0001870640300483905,0.029304029304029304,0.00016737307951698098,0.0009214119008836614,63.963235294117645,10.5,81.5980471299113,/net/nfs-ip34/home/def-ilafores/ref_dbs/sourmash_db/RefSeq_20250528.k31.sbt.zip,"NZ_CP102269.1 Butyricimonas virosa strain DSM 23226 chromosome, complete genome",d4b0f7a75de0de86779fc9973ed01479,0.03275156216332687,136000,167,616589000,/nfs3_ib/nfs-ip34/home/def-ilafores/analysis/projet_PROVID19/Feces/preproc/GQ32/GQ32_unmatched_2.fastq,GQ32,9243066a,812556000,31,DNA,1000,812556,True,0.7581264033825514,0.8955797366606592,0.8268530700216052,0.8955797366606592,False,8699,4414641,9440946
1261000,0.0015518930387567135,0.021011058451816746,0.0001636810262923417,0.00016989822841905885,12.06015037593985,11.0,5.1339345718379965,/net/nfs-ip34/home/def-ilafores/ref_dbs/sourmash_db/RefSeq_20250528.k31.sbt.zip,"NZ_CP143867.1 Bacteroides maternus strain MSB163 chromosome, complete genome",c36698f0fba88541e862d1e6992e9d87,0.19921011058451818,133000,168,616456000,/nfs3_ib/nfs-ip34/home/def-ilafores/analysis/projet_PROVID19/Feces/preproc/GQ32/GQ32_unmatched_2.fastq,GQ32,9243066a,812556000,31,DNA,1000,812556,True,0.8116758756851356,0.9492861425183939,0.8804810091017647,0.9492861425183939,False,1604,4416245,9440946
2470000,0.003039790488286346,0.03408210689388071,0.0001624503418841286,0.0015046161687610542,107.61363636363636,100.5,57.61387245185027,/net/nfs-ip34/home/def-ilafores/ref_dbs/sourmash_db/RefSeq_20250528.k31.sbt.zip,"NZ_CP081913.1 Bacteroides stercoris strain BFG-121 chromosome, complete genome",0bb666bd34472dc3dae293249907c788,0.6377485153627679,132000,169,616324000,/nfs3_ib/nfs-ip34/home/def-ilafores/analysis/projet_PROVID19/Feces/preproc/GQ32/GQ32_unmatched_2.fastq,GQ32,9243066a,812556000,31,DNA,1000,812556,True,0.8294713844998536,0.9855947229971621,0.9075330537485078,0.9855947229971621,False,14205,4430450,9440946
416000,0.0005119647138166477,0.038852361028093245,0.0001599889730677024,0.00016566136486746138,12.03076923076923,2.0,21.087706393696436,/net/nfs-ip34/home/def-ilafores/ref_dbs/sourmash_db/RefSeq_20250528.k31.sbt.zip,"NZ_CP173697.1 Roseburia faecis strain JCM 17581 chromosome, complete genome",af810c6e00a2b94057226e642af6e200,0.12432755528989839,130000,170,616194000,/nfs3_ib/nfs-ip34/home/def-ilafores/analysis/projet_PROVID19/Feces/preproc/GQ32/GQ32_unmatched_2.fastq,GQ32,9243066a,812556000,31,DNA,1000,812556,True,0.7831527054229964,0.934958849420498,0.8590557774217472,0.934958849420498,False,1564,4432014,9440946
2198000,0.002705044329252384,0.02602081665332266,0.0001599889730677024,0.00015708171617547648,11.407692307692308,2.0,18.84295263235901,/net/nfs-ip34/home/def-ilafores/ref_dbs/sourmash_db/RefSeq_20250528.k31.sbt.zip,"NZ_CP080296.1 Bacteroides fragilis strain IHMA_13 chromosome, complete genome",e16312e1ced839a373fb83c80125e28c,0.4399519615692554,130000,171,616064000,/nfs3_ib/nfs-ip34/home/def-ilafores/analysis/projet_PROVID19/Feces/preproc/GQ32/GQ32_unmatched_2.fastq,GQ32,9243066a,812556000,31,DNA,1000,812556,True,0.8263554880306235,0.9738609321311196,0.9001082100808715,0.9738609321311196,False,1483,4433497,9440946
2618000,0.003221931780701884,0.019187862561356538,0.00015875828865948932,9.80833912194816e-05,7.178294573643411,4.0,11.491452578453202,/net/nfs-ip34/home/def-ilafores/ref_dbs/sourmash_db/RefSeq_20250528.k31.sbt.zip,NZ_CP060488.1 Bacteroides sp. M10 chromosome,32a90d9faa0865b9d4716569d60e47de,0.38940948981109624,129000,172,615935000,/nfs3_ib/nfs-ip34/home/def-ilafores/analysis/projet_PROVID19/Feces/preproc/GQ32/GQ32_unmatched_2.fastq,GQ32,9243066a,812556000,31,DNA,1000,812556,True,0.8310299122629617,0.9700347834477023,0.900532347855332,0.9700347834477023,False,926,4434423,9440946
2093000,0.002575822466390009,0.042267365661861074,0.00015875828865948932,0.0003251792775851064,23.7984496124031,17.0,23.759903637264866,/net/nfs-ip34/home/def-ilafores/ref_dbs/sourmash_db/RefSeq_20250528.k31.sbt.zip,"NZ_CP094466.1 Faecalibacterium sp. I4-3-84 chromosome, complete genome",58b144de4acaed89ce9d8071641d7213,0.6857798165137615,129000,173,615806000,/nfs3_ib/nfs-ip34/home/def-ilafores/analysis/projet_PROVID19/Feces/preproc/GQ32/GQ32_unmatched_2.fastq,GQ32,9243066a,812556000,31,DNA,1000,812556,True,0.8250516913457475,0.9879060280861861,0.9064788597159668,0.9879060280861861,False,3070,4437493,9440946
261000,0.00032120863054361793,0.04945054945054945,0.00015506623543485004,1.906588598218865e-05,1.4285714285714286,1.0,0.7063046178186346,/net/nfs-ip34/home/def-ilafores/ref_dbs/sourmash_db/RefSeq_20250528.k31.sbt.zip,"NZ_CP069179.2 Lactococcus cremoris strain NCDO700 chromosome, complete genome",2f9934c93d9c1cced32ee8f1109fcb5e,0.10243328100470958,126000,174,615680000,/nfs3_ib/nfs-ip34/home/def-ilafores/analysis/projet_PROVID19/Feces/preproc/GQ32/GQ32_unmatched_2.fastq,GQ32,9243066a,812556000,31,DNA,1000,812556,True,0.7714640916414724,0.9291348387265881,0.8502994651840303,0.9291348387265881,False,180,4437673,9440946
2206000,0.0027148898045180887,0.04208754208754209,0.00015383555102663692,0.00020665301972916698,15.608,17.0,10.837635166400464,/net/nfs-ip34/home/def-ilafores/ref_dbs/sourmash_db/RefSeq_20250528.k31.sbt.zip,"NZ_CP012098.1 Anaerostipes hadrus strain BPB5 chromosome, complete genome",c87f75fcf13611b56f2643edb90d05be,0.7427609427609427,125000,175,615555000,/nfs3_ib/nfs-ip34/home/def-ilafores/analysis/projet_PROVID19/Feces/preproc/GQ32/GQ32_unmatched_2.fastq,GQ32,9243066a,812556000,31,DNA,1000,812556,True,0.826452338966317,0.9904529289213299,0.9084526339438235,0.9904529289213299,False,1951,4439624,9440946
183000,0.00022521524670299648,0.042355371900826444,0.00015137418221021075,4.840616607700118e-05,3.7154471544715446,1.0,14.397109197868069,/net/nfs-ip34/home/def-ilafores/ref_dbs/sourmash_db/RefSeq_20250528.k31.sbt.zip,"NZ_CP029256.1 Christensenella minuta strain DSM 22607 chromosome, complete genome",24bd6eedf3ac190a9b4b403e833d9da5,0.06301652892561983,123000,176,615432000,/nfs3_ib/nfs-ip34/home/def-ilafores/analysis/projet_PROVID19/Feces/preproc/GQ32/GQ32_unmatched_2.fastq,GQ32,9243066a,812556000,31,DNA,1000,812556,True,0.7626791328903184,0.9146874599269699,0.8386832964086441,0.9146874599269699,False,457,4440081,9440946
227000,0.00027936536066437267,0.043149946062567425,0.00014768212898557146,0.00013600332000627904,10.7,4.0,23.89930263975639,/net/nfs-ip34/home/def-ilafores/ref_dbs/sourmash_db/RefSeq_20250528.k31.sbt.zip,NZ_CP060490.1 Oscillibacter hominis strain NSJ-62 chromosome,7d82c091b7553167242da89b74e9d599,0.08162531463502337,120000,177,615312000,/nfs3_ib/nfs-ip34/home/def-ilafores/analysis/projet_PROVID19/Feces/preproc/GQ32/GQ32_unmatched_2.fastq,GQ32,9243066a,812556000,31,DNA,1000,812556,True,0.7679985587493129,0.9223538744315012,0.8451762165904071,0.9223538744315012,False,1284,4441365,9440946
2228000,0.0027419648614987768,0.030162412993039442,0.00014399007576093218,6.429440439549172e-05,5.188034188034188,3.0,11.017415602714355,/net/nfs-ip34/home/def-ilafores/ref_dbs/sourmash_db/RefSeq_20250528.k31.sbt.zip,"NZ_CP048436.1 Flavonifractor plautii strain JCM 32125 chromosome, complete genome",59ccf44fc685eb2124290b6866f4a03f,0.5743748388759989,117000,178,615195000,/nfs3_ib/nfs-ip34/home/def-ilafores/analysis/projet_PROVID19/Feces/preproc/GQ32/GQ32_unmatched_2.fastq,GQ32,9243066a,812556000,31,DNA,1000,812556,True,0.8267169367387365,0.9822727811910211,0.9044948589648788,0.9822727811910211,False,607,4441972,9440946
2253000,0.002772731971704104,0.017383485688595834,0.00014275939135271906,0.0003629932847831139,29.54310344827586,28.0,15.903476220180613,/net/nfs-ip34/home/def-ilafores/ref_dbs/sourmash_db/RefSeq_20250528.k31.sbt.zip,"NZ_CP103247.1 Bacteroides thetaiotaomicron strain BFG-264 chromosome, complete genome",8926e6dbfdbe4c050b0786edbb8a4eb9,0.33762925221040013,116000,179,615079000,/nfs3_ib/nfs-ip34/home/def-ilafores/analysis/projet_PROVID19/Feces/preproc/GQ32/GQ32_unmatched_2.fastq,GQ32,9243066a,812556000,31,DNA,1000,812556,True,0.8270145641119467,0.9655802836675944,0.8962974238897705,0.9655802836675944,False,3427,4445399,9440946
3799000,0.004675370066801549,0.021961086495858217,0.0001402980225362929,0.00042644031646828614,35.31578947368421,20.5,30.5643743394609,/net/nfs-ip34/home/def-ilafores/ref_dbs/sourmash_db/RefSeq_20250528.k31.sbt.zip,"NZ_CP072220.1 Bacteroides uniformis strain CL11T00C07 chromosome, complete genome",c011021d83e072fd7dafbdfb08120209,0.7318435754189944,114000,180,614965000,/nfs3_ib/nfs-ip34/home/def-ilafores/analysis/projet_PROVID19/Feces/preproc/GQ32/GQ32_unmatched_2.fastq,GQ32,9243066a,812556000,31,DNA,1000,812556,True,0.8410712229266637,0.9899799424461148,0.9155255826863893,0.9899799424461148,False,4026,4449425,9440946
132000,0.0001624503418841286,0.047322540473225407,0.0001402980225362929,5.402001028286784e-05,4.473684210526316,1.0,10.295809508928215,/net/nfs-ip34/home/def-ilafores/ref_dbs/sourmash_db/RefSeq_20250528.k31.sbt.zip,NZ_LR026983.1 Maliibacterium massiliense strain Marseille-P3954 chromosome contig00001,a8bfa4180a0d8fe2944cbec4f81be373,0.0547945205479452,114000,181,614851000,/nfs3_ib/nfs-ip34/home/def-ilafores/analysis/projet_PROVID19/Feces/preproc/GQ32/GQ32_unmatched_2.fastq,GQ32,9243066a,812556000,31,DNA,1000,812556,True,0.7546840676996205,0.9105716002534231,0.8326278339765218,0.9105716002534231,False,510,4449935,9440946
1291000,0.0015888135710031062,0.06305309734513274,0.0001402980225362929,8.018264271398227e-05,6.640350877192983,7.0,3.0839914697769713,/net/nfs-ip34/home/def-ilafores/ref_dbs/sourmash_db/RefSeq_20250528.k31.sbt.zip,"NZ_CP017803.1 Methanobrevibacter smithii strain KB11 chromosome, complete genome",de25dacfedc93ecc9d5ec253c81f40f3,0.7140486725663717,114000,182,614737000,/nfs3_ib/nfs-ip34/home/def-ilafores/analysis/projet_PROVID19/Feces/preproc/GQ32/GQ32_unmatched_2.fastq,GQ32,9243066a,812556000,31,DNA,1000,812556,True,0.8122917275171071,0.9891941571407494,0.9007429423289283,0.9891941571407494,False,757,4450692,9440946
1770000,0.002178311402537179,0.03694017652827721,0.00013906733812807978,0.00020824184356101603,17.398230088495577,15.0,13.762550071772045,/net/nfs-ip34/home/def-ilafores/ref_dbs/sourmash_db/RefSeq_20250528.k31.sbt.zip,"NZ_CP157369.1 Faecalibacterium prausnitzii strain 5 chromosome, complete genome",32b4f8c9ded2e30d47a15c3a2652e364,0.5786204642039883,113000,183,614624000,/nfs3_ib/nfs-ip34/home/def-ilafores/analysis/projet_PROVID19/Feces/preproc/GQ32/GQ32_unmatched_2.fastq,GQ32,9243066a,812556000,31,DNA,1000,812556,True,0.8206026253914874,0.9825061635846722,0.9015543944880798,0.9825061635846722,False,1966,4452658,9440946
1528000,0.0018804857757496098,0.04172821270310192,0.00013906733812807978,0.00034382147721213533,28.72566371681416,27.0,16.145493240935945,/net/nfs-ip34/home/def-ilafores/ref_dbs/sourmash_db/RefSeq_20250528.k31.sbt.zip,NZ_CP100127.1 Agathobacter rectalis strain NB2A-17-FMU chromosome,49c62e6ebbf2996fc1d9c85fb1c4ef14,0.5642540620384048,113000,184,614511000,/nfs3_ib/nfs-ip34/home/def-ilafores/analysis/projet_PROVID19/Feces/preproc/GQ32/GQ32_unmatched_2.fastq,GQ32,9243066a,812556000,31,DNA,1000,812556,True,0.8167200690155114,0.9817096378233375,0.8992148534194244,0.9817096378233375,False,3246,4455904,9440946
4485000,0.005519619570835733,0.016684045881126174,0.0001378366537198667,9.321099813514451e-05,7.857142857142857,6.0,6.190224353851838,/net/nfs-ip34/home/def-ilafores/ref_dbs/sourmash_db/RefSeq_20250528.k31.sbt.zip,"NZ_CP113514.1 Bacteroides ovatus strain CP926 chromosome, complete genome",761bc93d29d61ce80809686c2d5128e5,0.6681066587218829,112000,185,614399000,/nfs3_ib/nfs-ip34/home/def-ilafores/analysis/projet_PROVID19/Feces/preproc/GQ32/GQ32_unmatched_2.fastq,GQ32,9243066a,812556000,31,DNA,1000,812556,True,0.8455871207321428,0.9870743454407579,0.9163307330864503,0.9870743454407579,False,880,4456784,9440946
181000,0.00022275387788657028,0.03716103113491798,0.0001366059693116536,2.5103416543215055e-05,2.135135135135135,1.0,3.9168991377890205,/net/nfs-ip34/home/def-ilafores/ref_dbs/sourmash_db/RefSeq_20250528.k31.sbt.zip,"NZ_CP060634.1 Qiania dongpingensis strain NSJ-38 chromosome, complete genome",5f0ef0f7420da3f149b937102cc4fce3,0.060595915634415805,111000,186,614288000,/nfs3_ib/nfs-ip34/home/def-ilafores/analysis/projet_PROVID19/Feces/preproc/GQ32/GQ32_unmatched_2.fastq,GQ32,9243066a,812556000,31,DNA,1000,812556,True,0.7624088203619916,0.9135324507819441,0.8379706355719678,0.9135324507819441,False,237,4457021,9440946
3593000,0.004421849078709652,0.020708955223880596,0.0001366059693116536,0.0003054778620701781,25.98198198198198,23.0,14.605306935026803,/net/nfs-ip34/home/def-ilafores/ref_dbs/sourmash_db/RefSeq_20250528.k31.sbt.zip,"NZ_CP103128.1 Parabacteroides distasonis strain BFG-162 chromosome, complete genome",d131b36684e7549be1e71fe02fd05713,0.6703358208955223,111000,187,614177000,/nfs3_ib/nfs-ip34/home/def-ilafores/analysis/projet_PROVID19/Feces/preproc/GQ32/GQ32_unmatched_2.fastq,GQ32,9243066a,812556000,31,DNA,1000,812556,True,0.839560000657349,0.9871804133122871,0.9133702069848181,0.9871804133122871,False,2884,4459905,9440946
590000,0.0007261038008457263,0.019125199220825218,0.00013291391608701432,0.00030282982235042973,26.47222222222222,13.0,35.58075279045965,/net/nfs-ip34/home/def-ilafores/ref_dbs/sourmash_db/RefSeq_20250528.k31.sbt.zip,NZ_CP064941.1 Bacteroides intestinalis strain APC919/174 substr. 8T chromosome,2e0db40c5c6e6d6b0d1ff20a07b3ec47,0.10448025500265627,108000,188,614069000,/nfs3_ib/nfs-ip34/home/def-ilafores/analysis/projet_PROVID19/Feces/preproc/GQ32/GQ32_unmatched_2.fastq,GQ32,9243066a,812556000,31,DNA,1000,812556,True,0.7920304779014801,0.9297280689171465,0.8608792734093134,0.9297280689171465,False,2859,4462764,9440946
1798000,0.0022127705659671457,0.04443521594684385,0.0001316832316788012,0.0010473526699548966,92.41121495327103,82.0,54.688404223087495,/net/nfs-ip34/home/def-ilafores/ref_dbs/sourmash_db/RefSeq_20250528.k31.sbt.zip,NZ_CP097281.1 Bifidobacterium adolescentis strain NB2B-16-TSAB chromosome,baa00ac76429009e2c5ed32bad7d3024,0.7466777408637874,107000,189,613962000,/nfs3_ib/nfs-ip34/home/def-ilafores/analysis/projet_PROVID19/Feces/preproc/GQ32/GQ32_unmatched_2.fastq,GQ32,9243066a,812556000,31,DNA,1000,812556,True,0.8210182040643843,0.9906209828005312,0.9058195934324578,0.9906209828005312,False,9888,4472652,9440946
420000,0.0005168874514495001,0.027436634439508754,0.00012922186286237503,0.00016216595243739347,14.58095238095238,3.0,33.707080209294716,/net/nfs-ip34/home/def-ilafores/ref_dbs/sourmash_db/RefSeq_20250528.k31.sbt.zip,NZ_CP085988.1 Clostridium sp. M62/1 strain FDAARGOS_1583 chromosome,31dce30d78c030ed012824aeb71a6951,0.10974653775803501,105000,190,613857000,/nfs3_ib/nfs-ip34/home/def-ilafores/analysis/projet_PROVID19/Feces/preproc/GQ32/GQ32_unmatched_2.fastq,GQ32,9243066a,812556000,31,DNA,1000,812556,True,0.7833944956905206,0.9312040698937585,0.8572992827921395,0.9312040698937585,False,1531,4474183,9440946
3701000,0.0045547629947966664,0.022978347326557666,0.00012799117845416192,4.01442821513861e-05,3.644230769230769,3.0,3.085070343390672,/net/nfs-ip34/home/def-ilafores/ref_dbs/sourmash_db/RefSeq_20250528.k31.sbt.zip,"NZ_CP102256.1 Bacteroides caccae strain ATCC 43185 chromosome, complete genome",47030cb09435e5a03e1ce6a49f0753a5,0.8177198409191339,104000,191,613753000,/nfs3_ib/nfs-ip34/home/def-ilafores/analysis/projet_PROVID19/Feces/preproc/GQ32/GQ32_unmatched_2.fastq,GQ32,9243066a,812556000,31,DNA,1000,812556,True,0.8403624492958519,0.9935295565163239,0.9169460029060879,0.9935295565163239,False,379,4474562,9440946
405000,0.0004984271853263036,0.029657356752087534,0.00012676049404594883,0.00031617594253796177,28.980582524271846,26.0,29.95205897019217,/net/nfs-ip34/home/def-ilafores/ref_dbs/sourmash_db/RefSeq_20250528.k31.sbt.zip,"NZ_OZ186708.1 Mediterraneibacter gnavus isolate LUMC_Rgna_QRD039 chromosome 1, complete sequence",e5d356a00d2f08839b1ac8d8e4ab6370,0.11661387849121797,103000,192,613650000,/nfs3_ib/nfs-ip34/home/def-ilafores/analysis/projet_PROVID19/Feces/preproc/GQ32/GQ32_unmatched_2.fastq,GQ32,9243066a,812556000,31,DNA,1000,812556,True,0.7824759954597372,0.9330290569780344,0.8577525262188859,0.9330290569780344,False,2985,4477547,9440946
2306000,0.0028379582453393983,0.03433038749150238,0.00012429912522952263,0.000330899043379763,30.93069306930693,26.0,25.23640990054191,/net/nfs-ip34/home/def-ilafores/ref_dbs/sourmash_db/RefSeq_20250528.k31.sbt.zip,"NZ_CP119420.2 Faecalibacterium taiwanense strain CYL33 chromosome, complete genome",c6ed66af62435c7dcd0b26067f44e3e0,0.7838205302515295,101000,193,613549000,/nfs3_ib/nfs-ip34/home/def-ilafores/analysis/projet_PROVID19/Feces/preproc/GQ32/GQ32_unmatched_2.fastq,GQ32,9243066a,812556000,31,DNA,1000,812556,True,0.8276351046899442,0.9921735230878238,0.909904313888884,0.9921735230878238,False,3124,4480671,9440946
1893000,0.0023296855847473896,0.030440024110910187,0.00012429912522952263,0.0003785637583352346,35.386138613861384,31.0,24.678114044887412,/net/nfs-ip34/home/def-ilafores/ref_dbs/sourmash_db/RefSeq_20250528.k31.sbt.zip,"NC_012781.1 Agathobacter rectalis ATCC 33656, complete sequence",c7f0f63b1e20051e05be14074e3f6057,0.5705244122965641,101000,194,613448000,/nfs3_ib/nfs-ip34/home/def-ilafores/analysis/projet_PROVID19/Feces/preproc/GQ32/GQ32_unmatched_2.fastq,GQ32,9243066a,812556000,31,DNA,1000,812556,True,0.8223829672122802,0.9820596747827242,0.9022213209975022,0.9820596747827242,False,3574,4484245,9440946
732000,0.0009008609868119859,0.044802867383512544,0.00012306844082130954,0.00021396160935567262,20.2,21.0,7.19027120489902,/net/nfs-ip34/home/def-ilafores/ref_dbs/sourmash_db/RefSeq_20250528.k31.sbt.zip,"NZ_CP040348.1 Collinsella aerofaciens strain P10wA7 chromosome, complete genome",9382b14dc5fbc85a9b1dd4319ea3bf7e,0.3279569892473118,100000,195,613348000,/nfs3_ib/nfs-ip34/home/def-ilafores/analysis/projet_PROVID19/Feces/preproc/GQ32/GQ32_unmatched_2.fastq,GQ32,9243066a,812556000,31,DNA,1000,812556,True,0.7975596134001223,0.9646753693897278,0.881117491394925,0.9646753693897278,False,2020,4486265,9440946
1825000,0.002245999044988899,0.027005130974885227,0.00012306844082130954,0.00014733693000680228,13.91,9.0,16.38175509522713,/net/nfs-ip34/home/def-ilafores/ref_dbs/sourmash_db/RefSeq_20250528.k31.sbt.zip,"NZ_AP025562.1 Alistipes onderdonkii strain CE91-St18 chromosome, complete genome",dc5db18b01e855478b35f8ecd5651460,0.4928436402916554,100000,196,613248000,/nfs3_ib/nfs-ip34/home/def-ilafores/analysis/projet_PROVID19/Feces/preproc/GQ32/GQ32_unmatched_2.fastq,GQ32,9243066a,812556000,31,DNA,1000,812556,True,0.8214130511793392,0.9774338881058352,0.8994234696425871,0.9774338881058352,False,1391,4487656,9440946
724000,0.0008910155115462811,0.04591836734693878,0.00012183775641309646,1.832443486065909e-05,1.7474747474747474,1.0,1.0380968828829027,/net/nfs-ip34/home/def-ilafores/ref_dbs/sourmash_db/RefSeq_20250528.k31.sbt.zip,"NZ_CP152039.1 Streptococcus sp. FSL K6-1323 chromosome, complete genome",daa4d3786c2d7e9181db5417a19f51e0,0.3358070500927644,99000,197,613149000,/nfs3_ib/nfs-ip34/home/def-ilafores/analysis/projet_PROVID19/Feces/preproc/GQ32/GQ32_unmatched_2.fastq,GQ32,9243066a,812556000,31,DNA,1000,812556,True,0.7972769383585585,0.9654117371175723,0.8813443377380654,0.9654117371175723,False,173,4487829,9440946
231000,0.00028428809829722507,0.030793157076205287,0.00012183775641309646,0.0001884345064572978,17.96969696969697,3.0,29.31867903423026,/net/nfs-ip34/home/def-ilafores/ref_dbs/sourmash_db/RefSeq_20250528.k31.sbt.zip,"NZ_CP102293.1 Subdoligranulum variabile strain DSM 15176 chromosome, complete genome",b72c2af051655353465586ef3b54cb03,0.071850699844479,99000,198,613050000,/nfs3_ib/nfs-ip34/home/def-ilafores/analysis/projet_PROVID19/Feces/preproc/GQ32/GQ32_unmatched_2.fastq,GQ32,9243066a,812556000,31,DNA,1000,812556,True,0.7684314278892251,0.9185666582002816,0.8434990430447533,0.9185666582002816,False,1779,4489608,9440946
1922000,0.0023653754325855697,0.03396880415944541,0.00012060707200488336,0.0003268740230057454,31.489795918367346,29.5,22.46277869029036,/net/nfs-ip34/home/def-ilafores/ref_dbs/sourmash_db/RefSeq_20250528.k31.sbt.zip,"NZ_CP023819.1 Faecalibacterium prausnitzii strain Indica chromosome, complete genome",37548ff8695f19adfb807e1221069651,0.6662045060658579,98000,199,612952000,/nfs3_ib/nfs-ip34/home/def-ilafores/analysis/projet_PROVID19/Feces/preproc/GQ32/GQ32_unmatched_2.fastq,GQ32,9243066a,812556000,31,DNA,1000,812556,True,0.8227863902824866,0.986983566160061,0.9048849782212738,0.986983566160061,False,3086,4492694,9440946
4359000,0.0053645533354008835,0.016869565217391306,0.00011937638759667026,0.0002093010594489154,20.371134020618555,6.0,26.88859014818918,/net/nfs-ip34/home/def-ilafores/ref_dbs/sourmash_db/RefSeq_20250528.k31.sbt.zip,"NC_021017.1 Bacteroides xylanisolvens XB1A, complete sequence",c08f8e47dd318b08d89c36c36e6da9e1,0.7580869565217392,97000,200,612855000,/nfs3_ib/nfs-ip34/home/def-ilafores/analysis/projet_PROVID19/Feces/preproc/GQ32/GQ32_unmatched_2.fastq,GQ32,9243066a,812556000,31,DNA,1000,812556,True,0.8448101972140799,0.9911056878784987,0.9179579425462894,0.9911056878784987,False,1976,4494670,9440946
1628000,0.0020035542165709195,0.033428165007112376,0.00011568433437203097,0.00023758212365582857,23.861702127659573,25.0,14.003495812656992,/net/nfs-ip34/home/def-ilafores/ref_dbs/sourmash_db/RefSeq_20250528.k31.sbt.zip,"NZ_CP065379.1 Faecalibacterium prausnitzii strain Fp40 chromosome, complete genome",f188e6e2071ff9c4a69f06a4f3075fd0,0.5789473684210527,94000,201,612761000,/nfs3_ib/nfs-ip34/home/def-ilafores/analysis/projet_PROVID19/Feces/preproc/GQ32/GQ32_unmatched_2.fastq,GQ32,9243066a,812556000,31,DNA,1000,812556,True,0.818391906522349,0.9825240647633126,0.9004579856428307,0.9825240647633126,False,2243,4496913,9440946
2280000,0.002805960450725858,0.013342796309439318,0.00011568433437203097,0.00012721182813671427,12.77659574468085,11.0,7.89176011880416,/net/nfs-ip34/home/def-ilafores/ref_dbs/sourmash_db/RefSeq_20250528.k31.sbt.zip,"NZ_CP072251.1 Bacteroides cellulosilyticus strain CL06T03C01 chromosome, complete genome",db815f18771b0ea0ac3270b94c8884ba,0.32363378282469835,94000,202,612667000,/nfs3_ib/nfs-ip34/home/def-ilafores/analysis/projet_PROVID19/Feces/preproc/GQ32/GQ32_unmatched_2.fastq,GQ32,9243066a,812556000,31,DNA,1000,812556,True,0.827332433048829,0.9642625177981852,0.8957974754235071,0.9642625177981852,False,1201,4498114,9440946
1937000,0.0023838356987087657,0.024714323677916556,0.00011445364996381788,5.158381374069929e-05,5.236559139784946,3.0,8.060787668578074,/net/nfs-ip34/home/def-ilafores/ref_dbs/sourmash_db/RefSeq_20250528.k31.sbt.zip,NZ_CP065315.1 Flavonifractor plautii strain YL31 chromosome,aae5e198dca9a13d7ca553c9a4da3e8e,0.5147488705819825,93000,203,612574000,/nfs3_ib/nfs-ip34/home/def-ilafores/analysis/projet_PROVID19/Feces/preproc/GQ32/GQ32_unmatched_2.fastq,GQ32,9243066a,812556000,31,DNA,1000,812556,True,0.8229927517109968,0.9788060067762351,0.900899379243616,0.9788060067762351,False,487,4498601,9440946
1664000,0.0020478588552665907,0.03993055555555555,0.00011322296555560478,0.000698764721247214,71.70652173913044,71.0,22.78993773169959,/net/nfs-ip34/home/def-ilafores/ref_dbs/sourmash_db/RefSeq_20250528.k31.sbt.zip,"NZ_CM002287.1 Bifidobacterium longum E18 chromosome, whole genome shotgun sequence",55c60982172da58e8ea37b3dda40f3b5,0.7222222222222222,92000,204,612482000,/nfs3_ib/nfs-ip34/home/def-ilafores/analysis/projet_PROVID19/Feces/preproc/GQ32/GQ32_unmatched_2.fastq,GQ32,9243066a,812556000,31,DNA,1000,812556,True,0.8189695273336535,0.9895574096365698,0.9042634684851116,0.9895574096365698,False,6597,4505198,9440946
183000,0.00022521524670299648,0.021543560606060608,0.00011199228114739168,4.3533772992664084e-05,4.516483516483516,2.0,6.696501690217881,/net/nfs-ip34/home/def-ilafores/ref_dbs/sourmash_db/RefSeq_20250528.k31.sbt.zip,NZ_CP137820.1 [Clostridium] scindens strain JCM10423 (36-S) chromosome,e3c9c1342fc9b167ecc983fd0f339a43,0.04332386363636364,91000,205,612391000,/nfs3_ib/nfs-ip34/home/def-ilafores/analysis/projet_PROVID19/Feces/preproc/GQ32/GQ32_unmatched_2.fastq,GQ32,9243066a,812556000,31,DNA,1000,812556,True,0.7626791328903184,0.9036982836058629,0.8331887082480907,0.9036982836058629,False,411,4505609,9440946
1680000,0.0020675498057980005,0.02959349593495935,0.00011199228114739168,9.850707757464136e-05,10.219780219780219,8.0,8.779098802033866,/net/nfs-ip34/home/def-ilafores/ref_dbs/sourmash_db/RefSeq_20250528.k31.sbt.zip,"NZ_AP031430.1 Dorea formicigenerans strain i27-0019-1B6 chromosome, complete genome",268c95f33661b42130c76be0c47d4640,0.5463414634146342,91000,206,612300000,/nfs3_ib/nfs-ip34/home/def-ilafores/analysis/projet_PROVID19/Feces/preproc/GQ32/GQ32_unmatched_2.fastq,GQ32,9243066a,812556000,31,DNA,1000,812556,True,0.8192223756731114,0.9806885437907102,0.8999554597319108,0.9806885437907102,False,930,4506539,9440946
287000,0.0003532064251571584,0.012881064834693002,0.0001107615967391786,0.00011428939430434196,11.988888888888889,3.0,14.407169854273135,/net/nfs-ip34/home/def-ilafores/ref_dbs/sourmash_db/RefSeq_20250528.k31.sbt.zip,"NZ_AP031441.1 Eisenbergiella porci strain k07-0079-E9-1 chromosome, complete genome",400d90fee346891087f6d66c37bf84f7,0.041076284528409904,90000,207,612210000,/nfs3_ib/nfs-ip34/home/def-ilafores/analysis/projet_PROVID19/Feces/preproc/GQ32/GQ32_unmatched_2.fastq,GQ32,9243066a,812556000,31,DNA,1000,812556,True,0.7738309286567295,0.9021466359084171,0.8379887822825733,0.9021466359084171,False,1079,4507618,9440946
474000,0.0005833444094930073,0.02193198620009857,0.0001095309123309655,0.0001608948933719142,17.06741573033708,3.0,29.04579791411518,/net/nfs-ip34/home/def-ilafores/ref_dbs/sourmash_db/RefSeq_20250528.k31.sbt.zip,"NC_021012.1 Roseburia intestinalis XB6B4, complete sequence",586860c088f340576435f05f9fd3cc1d,0.11680630852636767,89000,208,612121000,/nfs3_ib/nfs-ip34/home/def-ilafores/analysis/projet_PROVID19/Feces/preproc/GQ32/GQ32_unmatched_2.fastq,GQ32,9243066a,812556000,31,DNA,1000,812556,True,0.7864570343945998,0.9330786830116213,0.8597678587031106,0.9330786830116213,False,1519,4509137,9440946
2299000,0.0028293434544819063,0.024507042253521127,0.00010706954351453931,0.0002030516857103091,22.03448275862069,21.0,7.783637827899603,/net/nfs-ip34/home/def-ilafores/ref_dbs/sourmash_db/RefSeq_20250528.k31.sbt.zip,"NZ_AP031448.1 Alistipes shahii strain k32-0107-C7 chromosome, complete genome",8b056a1755c5c7b70c25c16b2330fe86,0.6476056338028169,87000,209,612034000,/nfs3_ib/nfs-ip34/home/def-ilafores/analysis/projet_PROVID19/Feces/preproc/GQ32/GQ32_unmatched_2.fastq,GQ32,9243066a,812556000,31,DNA,1000,812556,True,0.8275539423331516,0.9860824870593784,0.906818214696265,0.9860824870593784,False,1917,4511054,9440946
702000,0.0008639404545655931,0.025787106446776613,0.00010583885910632621,8.770307551806779e-05,9.627906976744185,3.0,13.326007542193668,/net/nfs-ip34/home/def-ilafores/ref_dbs/sourmash_db/RefSeq_20250528.k31.sbt.zip,NZ_LT907978.1 Anaerobutyricum hallii isolate EH1 chromosome I,853f171c0393206ce274892b71b6f556,0.21049475262368816,86000,210,611948000,/nfs3_ib/nfs-ip34/home/def-ilafores/analysis/projet_PROVID19/Feces/preproc/GQ32/GQ32_unmatched_2.fastq,GQ32,9243066a,812556000,31,DNA,1000,812556,True,0.7964837086257807,0.9509749416401332,0.873729325132957,0.9509749416401332,False,828,4511882,9440946
4384000,0.00539532044560621,0.015808071415287336,0.00010460817469811311,0.0002193636103839594,24.36470588235294,22.0,10.868028728472638,/net/nfs-ip34/home/def-ilafores/ref_dbs/sourmash_db/RefSeq_20250528.k31.sbt.zip,NZ_LR699004.1 Phocaeicola dorei isolate MGYG-HGUT-02478 chromosome 1,0e2564740525a72dfc99cbc77355a3eb,0.8153245304072904,85000,211,611863000,/nfs3_ib/nfs-ip34/home/def-ilafores/analysis/projet_PROVID19/Feces/preproc/GQ32/GQ32_unmatched_2.fastq,GQ32,9243066a,812556000,31,DNA,1000,812556,True,0.8449660620773916,0.9934355424815853,0.9192008022794884,0.9934355424815853,False,2071,4513953,9440946
3843000,0.0047295201807629255,0.014502883103267517,0.00010214680588168692,8.11359370130917e-05,9.228915662650602,6.0,17.94256251003803,/net/nfs-ip34/home/def-ilafores/ref_dbs/sourmash_db/RefSeq_20250528.k31.sbt.zip,"NZ_AP031409.1 Bacteroides xylanisolvens strain f02 chromosome, complete genome",6350fb91e771d4a1538082fbe2684b37,0.6715009610344225,83000,212,611780000,/nfs3_ib/nfs-ip34/home/def-ilafores/analysis/projet_PROVID19/Feces/preproc/GQ32/GQ32_unmatched_2.fastq,GQ32,9243066a,812556000,31,DNA,1000,812556,True,0.8413837100911536,0.987235717189179,0.9143097136401663,0.987235717189179,False,766,4514719,9440946
533000,0.0006559547895775799,0.023950325251330572,9.968543706526074e-05,6.344703168517223e-05,7.395061728395062,4.0,11.074025902423545,/net/nfs-ip34/home/def-ilafores/ref_dbs/sourmash_db/RefSeq_20250528.k31.sbt.zip,"NZ_CP011307.1 Intestinimonas butyriciproducens strain AF211 chromosome, complete genome",380e5279419db353c2f7e8db083c21b8,0.15759905381431105,81000,213,611699000,/nfs3_ib/nfs-ip34/home/def-ilafores/analysis/projet_PROVID19/Feces/preproc/GQ32/GQ32_unmatched_2.fastq,GQ32,9243066a,812556000,31,DNA,1000,812556,True,0.7894388826924411,0.9421382419966968,0.8657885623445689,0.9421382419966968,False,599,4515318,9440946
952000,0.0011716115566188668,0.04357298474945534,9.845475265704764e-05,1.5676395140910667e-05,1.85,2.0,1.3332291625973383,/net/nfs-ip34/home/def-ilafores/ref_dbs/sourmash_db/RefSeq_20250528.k31.sbt.zip,"NZ_CP065480.1 Streptococcus thermophilus strain 90729 chromosome, complete genome",0522fa2feee4aac05880d73c86a25735,0.5185185185185185,80000,214,611619000,/nfs3_ib/nfs-ip34/home/def-ilafores/analysis/projet_PROVID19/Feces/preproc/GQ32/GQ32_unmatched_2.fastq,GQ32,9243066a,812556000,31,DNA,1000,812556,True,0.8043491991901593,0.9790364192756331,0.8916928092328962,0.9790364192756331,False,148,4515466,9440946
242000,0.0002978256267875691,0.020993887855434493,9.722406824883454e-05,6.609507140492066e-05,7.89873417721519,4.0,11.143022948150522,/net/nfs-ip34/home/def-ilafores/ref_dbs/sourmash_db/RefSeq_20250528.k31.sbt.zip,"NZ_CP173661.1 Sellimonas catena strain JCM 35623 chromosome, complete genome",07bbee7bf7fca482a89ae227b4fb2e14,0.06431039064576136,79000,215,611540000,/nfs3_ib/nfs-ip34/home/def-ilafores/analysis/projet_PROVID19/Feces/preproc/GQ32/GQ32_unmatched_2.fastq,GQ32,9243066a,812556000,31,DNA,1000,812556,True,0.7695854368435346,0.9152873421350443,0.8424363894892894,0.9152873421350443,False,624,4516090,9440946
3395000,0.004178173565883459,0.017532179316466934,9.722406824883454e-05,0.0002623677754326738,31.354430379746834,27.0,16.543795329852188,/net/nfs-ip34/home/def-ilafores/ref_dbs/sourmash_db/RefSeq_20250528.k31.sbt.zip,"NZ_CP081901.1 Parabacteroides merdae strain BFG-280 chromosome, complete genome",ef23ca7c0c2ee8ae3e8a4537f4cacf2d,0.753439857967155,79000,216,611461000,/nfs3_ib/nfs-ip34/home/def-ilafores/analysis/projet_PROVID19/Feces/preproc/GQ32/GQ32_unmatched_2.fastq,GQ32,9243066a,812556000,31,DNA,1000,812556,True,0.8380262611582612,0.9909091199798725,0.9144676905690668,0.9909091199798725,False,2477,4518567,9440946
1819000,0.0022386149385396205,0.02775825720309206,9.722406824883454e-05,0.00022836694543110404,27.29113924050633,16.0,26.95854853675287,/net/nfs-ip34/home/def-ilafores/ref_dbs/sourmash_db/RefSeq_20250528.k31.sbt.zip,"NZ_CP065380.1 Faecalibacterium prausnitzii strain Fp28 chromosome, complete genome",68b64f4d4c3889600ebe30d1a4137e53,0.6391426563598033,79000,217,611382000,/nfs3_ib/nfs-ip34/home/def-ilafores/analysis/projet_PROVID19/Feces/preproc/GQ32/GQ32_unmatched_2.fastq,GQ32,9243066a,812556000,31,DNA,1000,812556,True,0.8213257982315463,0.985664151045025,0.9034949746382857,0.985664151045025,False,2156,4520723,9440946
623000,0.0007667163863167585,0.02046783625730994,9.476269943240835e-05,0.00013261382916500105,16.25974025974026,9.0,21.24403818425521,/net/nfs-ip34/home/def-ilafores/ref_dbs/sourmash_db/RefSeq_20250528.k31.sbt.zip,"NZ_AP031446.1 Mediterraneibacter gnavus strain k30-0107-B2 chromosome, complete genome",9019208c507d0a756fcff8594e0aec73,0.1656034024455077,77000,218,611305000,/nfs3_ib/nfs-ip34/home/def-ilafores/analysis/projet_PROVID19/Feces/preproc/GQ32/GQ32_unmatched_2.fastq,GQ32,9243066a,812556000,31,DNA,1000,812556,True,0.793422197668197,0.9436450924898312,0.8685336450790141,0.9436450924898312,False,1252,4521975,9440946
2128000,0.002618896420677467,0.029056603773584905,9.476269943240835e-05,0.0002584486766474461,31.68831168831169,20.0,24.876975084551493,/net/nfs-ip34/home/def-ilafores/ref_dbs/sourmash_db/RefSeq_20250528.k31.sbt.zip,"NZ_CP158110.1 Faecalibacterium prausnitzii strain 6 chromosome, complete genome",ce4cae11ff96492908342ea8c11f5cfa,0.8030188679245283,77000,219,611228000,/nfs3_ib/nfs-ip34/home/def-ilafores/analysis/projet_PROVID19/Feces/preproc/GQ32/GQ32_unmatched_2.fastq,GQ32,9243066a,812556000,31,DNA,1000,812556,True,0.8254931888769761,0.9929483011060318,0.909220744991504,0.9929483011060318,False,2440,4524415,9440946
83000,0.00010214680588168692,0.026801883375588555,9.107064620776906e-05,1.3769806542691802e-05,1.7567567567567568,1.0,1.5666353239123716,/net/nfs-ip34/home/def-ilafores/ref_dbs/sourmash_db/RefSeq_20250528.k31.sbt.zip,"NZ_CP071249.1 Turicibacter bilis strain MMM721 chromosome, complete genome",8317326ae5ef3674e3dda660148cf06f,0.030061571894241218,74000,220,611154000,/nfs3_ib/nfs-ip34/home/def-ilafores/analysis/projet_PROVID19/Feces/preproc/GQ32/GQ32_unmatched_2.fastq,GQ32,9243066a,812556000,31,DNA,1000,812556,True,0.7434731960957439,0.8931072251197115,0.8182902106077277,0.8931072251197115,False,130,4524545,9440946
876000,0.0010780795415946717,0.0002048381636258631,8.860927739134288e-05,3.781400719800749e-05,4.958333333333333,1.0,13.24075935637127,/net/nfs-ip34/home/def-ilafores/ref_dbs/sourmash_db/RefSeq_20250528.k31.sbt.zip,"NZ_CP185809.1 Salmonella enterica subsp. enterica serovar Typhimurium strain K1858 plasmid pK1858-NDM, complete sequence",7a8c695160f2da22a8aff644e0702b99,0.002492197657448001,72000,221,611082000,/nfs3_ib/nfs-ip34/home/def-ilafores/analysis/projet_PROVID19/Feces/preproc/GQ32/GQ32_unmatched_2.fastq,GQ32,9243066a,812556000,31,DNA,1000,812556,True,0.8021933513960284,0.82417377219293,0.8131835617944791,0.82417377219293,False,357,4524902,9440946
381000,0.0004688907595291894,0.01946805593638607,8.737859298312978e-05,0.00014998496972655072,19.943661971830984,18.0,15.013503146528041,/net/nfs-ip34/home/def-ilafores/ref_dbs/sourmash_db/RefSeq_20250528.k31.sbt.zip,"NZ_CP111084.1 Mediterraneibacter gnavus strain JCM6515 chromosome, complete genome",ac675a163f6dae12a4bc15baccf16b3f,0.10446942692624074,71000,222,611011000,/nfs3_ib/nfs-ip34/home/def-ilafores/analysis/projet_PROVID19/Feces/preproc/GQ32/GQ32_unmatched_2.fastq,GQ32,9243066a,812556000,31,DNA,1000,812556,True,0.7809355894205467,0.9297249605442279,0.8553302749823873,0.9297249605442279,False,1416,4526318,9440946
3169000,0.0039000388896272995,0.010357403355215171,8.737859298312978e-05,3.8237693553167235e-05,5.084507042253521,4.0,4.598672432047574,/net/nfs-ip34/home/def-ilafores/ref_dbs/sourmash_db/RefSeq_20250528.k31.sbt.zip,"NZ_CP102261.1 Bacteroides sp. D2 chromosome, complete genome",5b057d4064659334efb7b362a7eec964,0.46229029905178703,71000,223,610940000,/nfs3_ib/nfs-ip34/home/def-ilafores/analysis/projet_PROVID19/Feces/preproc/GQ32/GQ32_unmatched_2.fastq,GQ32,9243066a,812556000,31,DNA,1000,812556,True,0.8361660808460012,0.9754180757323685,0.9057920782891848,0.9754180757323685,False,361,4526679,9440946
646000,0.0007950221277056597,0.029448885149347917,8.614790857491668e-05,1.1227688411733315e-05,1.5142857142857142,1.0,0.7698396334461416,/net/nfs-ip34/home/def-ilafores/ref_dbs/sourmash_db/RefSeq_20250528.k31.sbt.zip,"NZ_CP020431.2 Streptococcus sp. FDAARGOS_192 chromosome, complete genome",972131dd36ed5aca3d19d2f438971d9f,0.27177114009255365,70000,224,610870000,/nfs3_ib/nfs-ip34/home/def-ilafores/analysis/projet_PROVID19/Feces/preproc/GQ32/GQ32_unmatched_2.fastq,GQ32,9243066a,812556000,31,DNA,1000,812556,True,0.7943506089129151,0.9588451916441776,0.8765979002785463,0.9588451916441776,False,106,4526785,9440946
677000,0.0008331733443602657,0.020104895104895104,8.491722416670359e-05,3.622518336615843e-05,4.956521739130435,2.0,6.233232075304101,/net/nfs-ip34/home/def-ilafores/ref_dbs/sourmash_db/RefSeq_20250528.k31.sbt.zip,"NZ_CP094682.1 Anaerotruncus colihominis strain VE303-02 chromosome, complete genome",88cf18c93019f84f58fe1fd1bebbc7dc,0.19726107226107226,69000,225,610801000,/nfs3_ib/nfs-ip34/home/def-ilafores/analysis/projet_PROVID19/Feces/preproc/GQ32/GQ32_unmatched_2.fastq,GQ32,9243066a,812556000,31,DNA,1000,812556,True,0.7955525695665137,0.9489851131795687,0.8722688413730412,0.9489851131795687,False,342,4527127,9440946
71000,8.737859298312978e-05,0.02840675174969123,8.491722416670359e-05,9.850707757464136e-06,1.3478260869565217,1.0,0.7580693814853346,/net/nfs-ip34/home/def-ilafores/ref_dbs/sourmash_db/RefSeq_20250528.k31.sbt.zip,"NZ_CP046315.1 Schaalia odontolytica strain FDAARGOS_732 chromosome, complete genome",66ebb08e3225b4c7ad6ffa64d63a2ecb,0.029230135858377932,69000,226,610732000,/nfs3_ib/nfs-ip34/home/def-ilafores/analysis/projet_PROVID19/Feces/preproc/GQ32/GQ32_unmatched_2.fastq,GQ32,9243066a,812556000,31,DNA,1000,812556,True,0.7397374096077177,0.8922995460898719,0.8160184778487949,0.8922995460898719,False,93,4527220,9440946
312000,0.0003839735353624858,0.012474775270592552,8.368653975849049e-05,4.861800925458106e-05,6.75,6.0,4.915087815623859,/net/nfs-ip34/home/def-ilafores/ref_dbs/sourmash_db/RefSeq_20250528.k31.sbt.zip,NZ_CP043839.1 Butyricimonas paravirosa strain DSM 105722 chromosome,d537b5d78c84c0e05f44ffcd0d82c127,0.05723720418271877,68000,227,610664000,/nfs3_ib/nfs-ip34/home/def-ilafores/analysis/projet_PROVID19/Feces/preproc/GQ32/GQ32_unmatched_2.fastq,GQ32,9243066a,812556000,31,DNA,1000,812556,True,0.7759186143013268,0.9118535853554613,0.8438860998283941,0.9118535853554613,False,459,4527679,9440946
2363000,0.0029081072566075447,0.009801053247513165,8.245585535027739e-05,0.00018303250542901103,25.791044776119403,26.0,15.639156095712288,/net/nfs-ip34/home/def-ilafores/ref_dbs/sourmash_db/RefSeq_20250528.k31.sbt.zip,"NZ_CP143941.1 Bacteroides thetaiotaomicron strain DFI.6.40 chromosome, complete genome",51dc6ef63345e816c319b25acd75ad05,0.34566998244587477,67000,228,610597000,/nfs3_ib/nfs-ip34/home/def-ilafores/analysis/projet_PROVID19/Feces/preproc/GQ32/GQ32_unmatched_2.fastq,GQ32,9243066a,812556000,31,DNA,1000,812556,True,0.8282872596687187,0.9663136587855149,0.8973004592271168,0.9663136587855149,False,1728,4529407,9440946
462000,0.0005685761965944501,0.017804154302670624,8.12251709420643e-05,7.245036673231686e-05,10.363636363636363,4.0,14.946000137501436,/net/nfs-ip34/home/def-ilafores/ref_dbs/sourmash_db/RefSeq_20250528.k31.sbt.zip,"NZ_OZ186752.1 Mediterraneibacter gnavus isolate LUMC_Rgna_QRD031 chromosome 1, complete sequence",8639d89f81a5e11ac394abd383909c01,0.12462908011869436,66000,229,610531000,/nfs3_ib/nfs-ip34/home/def-ilafores/analysis/projet_PROVID19/Feces/preproc/GQ32/GQ32_unmatched_2.fastq,GQ32,9243066a,812556000,31,DNA,1000,812556,True,0.7858067656349331,0.9350319090309284,0.8604193373329307,0.9350319090309284,False,684,4530091,9440946
1021000,0.0012565287807855706,0.022750775594622543,8.12251709420643e-05,1.3663884953901865e-05,1.9545454545454546,1.0,1.6826369833184025,/net/nfs-ip34/home/def-ilafores/ref_dbs/sourmash_db/RefSeq_20250528.k31.sbt.zip,"NZ_CP102250.1 Alistipes indistinctus YIT 12060 chromosome, complete genome",80a0c7df05d28f92f6b93af8a523bc03,0.35194760427438815,66000,230,610465000,/nfs3_ib/nfs-ip34/home/def-ilafores/analysis/projet_PROVID19/Feces/preproc/GQ32/GQ32_unmatched_2.fastq,GQ32,9243066a,812556000,31,DNA,1000,812556,True,0.8061668159708347,0.9668748384801845,0.8865208272255096,0.9668748384801845,False,129,4530220,9440946
609000,0.0007494868046017751,0.023504273504273504,8.12251709420643e-05,8.177146654583132e-05,11.696969696969697,12.5,6.3196895228917995,/net/nfs-ip34/home/def-ilafores/ref_dbs/sourmash_db/RefSeq_20250528.k31.sbt.zip,"NZ_LT630450.1 Desulfovibrio piger strain FI11049 isolate FI11049 chromosome I, complete sequence",a44e1050d7701308bc590bde0c3457fd,0.2168803418803419,66000,231,610399000,/nfs3_ib/nfs-ip34/home/def-ilafores/analysis/projet_PROVID19/Feces/preproc/GQ32/GQ32_unmatched_2.fastq,GQ32,9243066a,812556000,31,DNA,1000,812556,True,0.7928406979947672,0.9518921559475159,0.8723664269711415,0.9518921559475159,False,772,4530992,9440946
89000,0.0001095309123309655,0.011589113257243195,8.12251709420643e-05,2.2773141589836444e-05,3.257575757575758,1.0,8.613433141708654,/net/nfs-ip34/home/def-ilafores/ref_dbs/sourmash_db/RefSeq_20250528.k31.sbt.zip,"NZ_CP040506.1 Hungatella hathewayi WAL-18680 chromosome, complete genome",59e27bb2173efba71b7618ad9fdb6681,0.01562774363476734,66000,232,610333000,/nfs3_ib/nfs-ip34/home/def-ilafores/analysis/projet_PROVID19/Feces/preproc/GQ32/GQ32_unmatched_2.fastq,GQ32,9243066a,812556000,31,DNA,1000,812556,True,0.745148994097495,0.8744572637801455,0.8098031289388203,0.8744572637801455,False,215,4531207,9440946
66000,8.12251709420643e-05,0.7333333333333333,8.12251709420643e-05,9.946037187375079e-05,14.227272727272727,14.5,5.605180111034345,/net/nfs-ip34/home/def-ilafores/ref_dbs/sourmash_db/RefSeq_20250528.k31.sbt.zip,"NC_062778.1 Uncultured phage cr17_1, complete genome",2814dcf09afb976971afed01937bf173,0.7333333333333333,66000,233,610267000,/nfs3_ib/nfs-ip34/home/def-ilafores/analysis/projet_PROVID19/Feces/preproc/GQ32/GQ32_unmatched_2.fastq,GQ32,9243066a,812556000,31,DNA,1000,812556,True,,,,,False,939,4532146,9440946
1949000,0.002398603911607323,0.01815135437028763,7.99944865338512e-05,0.000228472867019894,33.184615384615384,29.0,23.408671836731006,/net/nfs-ip34/home/def-ilafores/ref_dbs/sourmash_db/RefSeq_20250528.k31.sbt.zip,"NC_021044.1 Agathobacter rectalis M104/1, complete sequence",bbe76ea739202f726b440dbf1d277c90,0.5442613795029322,65000,234,610202000,/nfs3_ib/nfs-ip34/home/def-ilafores/analysis/projet_PROVID19/Feces/preproc/GQ32/GQ32_unmatched_2.fastq,GQ32,9243066a,812556000,31,DNA,1000,812556,True,0.8231567303980097,0.9805678770894855,0.9018623037437477,0.9805678770894855,False,2157,4534303,9440946
474000,0.0005833444094930073,0.011856986501276907,7.99944865338512e-05,3.781400719800749e-05,5.492307692307692,3.0,6.959493962424118,/net/nfs-ip34/home/def-ilafores/ref_dbs/sourmash_db/RefSeq_20250528.k31.sbt.zip,"NZ_AP031445.1 Enterocloster clostridioformis strain k19-0097-F3 chromosome, complete genome",d35409bea897b51a978082dedf226ca8,0.08646479387085006,65000,235,610137000,/nfs3_ib/nfs-ip34/home/def-ilafores/analysis/projet_PROVID19/Feces/preproc/GQ32/GQ32_unmatched_2.fastq,GQ32,9243066a,812556000,31,DNA,1000,812556,True,0.7864570343945998,0.9240691974452903,0.8552631159199451,0.9240691974452903,False,357,4534660,9440946
168000,0.00020675498057980005,0.03051643192488263,7.99944865338512e-05,9.215178224724513e-06,1.3384615384615384,1.0,0.6146149032442516,/net/nfs-ip34/home/def-ilafores/ref_dbs/sourmash_db/RefSeq_20250528.k31.sbt.zip,"NC_015678.1 Streptococcus parasanguinis ATCC 15912, complete sequence",5e8b0fbe7c849c05b6e9e5e3bbf969f2,0.07887323943661972,65000,236,610072000,/nfs3_ib/nfs-ip34/home/def-ilafores/analysis/projet_PROVID19/Feces/preproc/GQ32/GQ32_unmatched_2.fastq,GQ32,9243066a,812556000,31,DNA,1000,812556,True,0.7605779687707135,0.921333974888957,0.8409559718298352,0.921333974888957,False,87,4534747,9440946
2354000,0.002897031096933627,0.014396456256921373,7.99944865338512e-05,0.0002316505146835921,33.646153846153844,16.0,29.676943015505522,/net/nfs-ip34/home/def-ilafores/ref_dbs/sourmash_db/RefSeq_20250528.k31.sbt.zip,"NZ_CP036491.1 Bacteroides sp. A1C1 chromosome, complete genome",a5fd52ab16a56bc3d037173d70801227,0.5213732004429679,65000,237,610007000,/nfs3_ib/nfs-ip34/home/def-ilafores/analysis/projet_PROVID19/Feces/preproc/GQ32/GQ32_unmatched_2.fastq,GQ32,9243066a,812556000,31,DNA,1000,812556,True,0.8281853067382086,0.9792098301407106,0.9036975684394596,0.9792098301407106,False,2187,4536934,9440946
4514000,0.005555309418673913,0.011437908496732025,7.753311771742502e-05,0.00017085152271816828,25.603174603174605,23.0,10.918950589932475,/net/nfs-ip34/home/def-ilafores/ref_dbs/sourmash_db/RefSeq_20250528.k31.sbt.zip,"NZ_CP102257.1 Phocaeicola dorei strain DSM 17855 chromosome, complete genome",fc9d6617c5819e3400afd74acbdba136,0.8195352214960058,63000,238,609944000,/nfs3_ib/nfs-ip34/home/def-ilafores/analysis/projet_PROVID19/Feces/preproc/GQ32/GQ32_unmatched_2.fastq,GQ32,9243066a,812556000,31,DNA,1000,812556,True,0.8457629442878145,0.9936006313983702,0.9196817878430923,0.9936006313983702,False,1613,4538547,9440946
3833000,0.004717213336680795,0.011380597014925373,7.507174890099882e-05,6.916679747982882e-05,10.704918032786885,9.0,10.915989569066559,/net/nfs-ip34/home/def-ilafores/ref_dbs/sourmash_db/RefSeq_20250528.k31.sbt.zip,"NZ_CP072243.1 Bacteroides salyersiae strain CL06T03C19 chromosome, complete genome",77f6a70317ac851059c6a6569fc99fb9,0.7151119402985074,61000,239,609883000,/nfs3_ib/nfs-ip34/home/def-ilafores/analysis/projet_PROVID19/Feces/preproc/GQ32/GQ32_unmatched_2.fastq,GQ32,9243066a,812556000,31,DNA,1000,812556,True,0.8413129954356506,0.9892416383687728,0.9152773169022117,0.9892416383687728,False,653,4539200,9440946
2252000,0.002771501287295891,0.01122334455667789,7.384106449278573e-05,0.0001765712885128249,27.783333333333335,2.0,127.0980057103791,/net/nfs-ip34/home/def-ilafores/ref_dbs/sourmash_db/RefSeq_20250528.k31.sbt.zip,"NZ_CP036553.1 Bacteroides fragilis strain DCMOUH0067B chromosome, complete genome",4c290a74182ca03c0890aeb57f547b06,0.4212495323606435,60000,240,609823000,/nfs3_ib/nfs-ip34/home/def-ilafores/analysis/projet_PROVID19/Feces/preproc/GQ32/GQ32_unmatched_2.fastq,GQ32,9243066a,812556000,31,DNA,1000,812556,True,0.8270027205165741,0.9724972205593291,0.8997499705379516,0.9724972205593291,False,1667,4540867,9440946
703000,0.0008651711389738061,0.02172338884866039,7.384106449278573e-05,8.367805514405018e-06,1.3166666666666667,1.0,0.6189148209209047,/net/nfs-ip34/home/def-ilafores/ref_dbs/sourmash_db/RefSeq_20250528.k31.sbt.zip,"NZ_CP015902.2 Lactococcus lactis subsp. lactis strain UC06 chromosome, complete genome",66f2997a539df932c88b78566e7a798d,0.2545257060101376,60000,241,609763000,/nfs3_ib/nfs-ip34/home/def-ilafores/analysis/projet_PROVID19/Feces/preproc/GQ32/GQ32_unmatched_2.fastq,GQ32,9243066a,812556000,31,DNA,1000,812556,True,0.7965202831697024,0.956819578402412,0.8766699307860573,0.956819578402412,False,79,4540946,9440946
500000,0.0006153422041065477,0.014824120603015075,7.261038008457263e-05,0.0001516797151471897,24.271186440677965,13.0,31.97765666384894,/net/nfs-ip34/home/def-ilafores/ref_dbs/sourmash_db/RefSeq_20250528.k31.sbt.zip,"NC_021040.1 Roseburia intestinalis M50/1, complete sequence",300ebb94b057c743776c0c6aab2d0089,0.12562814070351758,59000,242,609704000,/nfs3_ib/nfs-ip34/home/def-ilafores/analysis/projet_PROVID19/Feces/preproc/GQ32/GQ32_unmatched_2.fastq,GQ32,9243066a,812556000,31,DNA,1000,812556,True,0.7878129572905024,0.9352727654240118,0.8615428613572571,0.9352727654240118,False,1432,4542378,9440946
1000000,0.0012306844082130954,0.024771838331160364,7.014901126814645e-05,0.0004053619202990887,67.14035087719299,69.0,24.928275073147347,/net/nfs-ip34/home/def-ilafores/ref_dbs/sourmash_db/RefSeq_20250528.k31.sbt.zip,NZ_CP049769.1 Bifidobacterium longum subsp. longum strain B4 chromosome,531c7f88822a48eb7158583929e7ce5c,0.43459365493263796,57000,243,609647000,/nfs3_ib/nfs-ip34/home/def-ilafores/analysis/projet_PROVID19/Feces/preproc/GQ32/GQ32_unmatched_2.fastq,GQ32,9243066a,812556000,31,DNA,1000,812556,True,0.8056265392401214,0.9734760480561283,0.8895512936481249,0.9734760480561283,False,3827,4546205,9440946
1120000,0.0013783665371986669,0.016717325227963525,6.768764245172025e-05,9.215178224724513e-06,1.5818181818181818,1.0,1.1068531821981398,/net/nfs-ip34/home/def-ilafores/ref_dbs/sourmash_db/RefSeq_20250528.k31.sbt.zip,"NZ_CP089334.1 Eggerthella lenta strain APC055-920-1E chromosome, complete genome",c83ab87d48343a7fd9339d450bece59c,0.3404255319148936,55000,244,609592000,/nfs3_ib/nfs-ip34/home/def-ilafores/analysis/projet_PROVID19/Feces/preproc/GQ32/GQ32_unmatched_2.fastq,GQ32,9243066a,812556000,31,DNA,1000,812556,True,0.8085771097824311,0.9658372242803969,0.887207167031414,0.9658372242803969,False,87,4546292,9440946
2267000,0.0027899615534190876,0.01931858096241658,6.768764245172025e-05,0.00020262799935514937,34.78181818181818,18.0,53.63129714129476,/net/nfs-ip34/home/def-ilafores/ref_dbs/sourmash_db/RefSeq_20250528.k31.sbt.zip,"NZ_AP031428.1 Faecalibacterium sp. i25-0019-C1 chromosome, complete genome",387027c4a6ea2f36548bc8ed31ebb8dc,0.7962767825781525,55000,245,609537000,/nfs3_ib/nfs-ip34/home/def-ilafores/analysis/projet_PROVID19/Feces/preproc/GQ32/GQ32_unmatched_2.fastq,GQ32,9243066a,812556000,31,DNA,1000,812556,True,0.8271798424139224,0.99267827612571,0.9099290592698162,0.99267827612571,False,1913,4548205,9440946
203000,0.0002498289348672584,0.019809244314013204,6.645695804350716e-05,6.980232701256844e-05,12.203703703703704,3.0,22.675145170534215,/net/nfs-ip34/home/def-ilafores/ref_dbs/sourmash_db/RefSeq_20250528.k31.sbt.zip,NZ_LT990039.1 Massilistercora timonensis strain Marseille-P3756 chromosome contig00001,8dc0a844d357af3a1447b5c2afe10332,0.07446808510638298,54000,246,609483000,/nfs3_ib/nfs-ip34/home/def-ilafores/analysis/projet_PROVID19/Feces/preproc/GQ32/GQ32_unmatched_2.fastq,GQ32,9243066a,812556000,31,DNA,1000,812556,True,0.7652351790039161,0.9196274826765849,0.8424313308402505,0.9196274826765849,False,659,4548864,9440946
2088000,0.0025696690443489435,0.020579268292682928,6.645695804350716e-05,6.789573841434958e-05,11.87037037037037,12.0,10.17812886881637,/net/nfs-ip34/home/def-ilafores/ref_dbs/sourmash_db/RefSeq_20250528.k31.sbt.zip,"NZ_AP028031.1 Anaerostipes hadrus ATCC 29173 = JCM 17467 chromosome, complete genome",9d842f452bc2873386caa06583d801ad,0.7957317073170732,54000,247,609429000,/nfs3_ib/nfs-ip34/home/def-ilafores/analysis/projet_PROVID19/Feces/preproc/GQ32/GQ32_unmatched_2.fastq,GQ32,9243066a,812556000,31,DNA,1000,812556,True,0.8249880377779599,0.9926563489280205,0.9088221933529902,0.9926563489280205,False,641,4549505,9440946
3896000,0.00479474645439822,0.010388083104664837,6.522627363529406e-05,0.00019373058589679465,34.509433962264154,22.0,33.53546286382405,/net/nfs-ip34/home/def-ilafores/ref_dbs/sourmash_db/RefSeq_20250528.k31.sbt.zip,"NZ_CP072254.1 Parabacteroides distasonis CL03T12C09 chromosome, complete genome",a5cf97730b24448c8f962eccbe944cd6,0.7636221089768718,53000,248,609376000,/nfs3_ib/nfs-ip34/home/def-ilafores/analysis/projet_PROVID19/Feces/preproc/GQ32/GQ32_unmatched_2.fastq,GQ32,9243066a,812556000,31,DNA,1000,812556,True,0.8417555501388501,0.9913383036223539,0.9165469268806019,0.9913383036223539,False,1829,4551334,9440946
136000,0.00016737307951698098,0.012541410317084714,6.522627363529406e-05,0.000161212658138284,28.71698113207547,18.0,39.52041619905861,/net/nfs-ip34/home/def-ilafores/ref_dbs/sourmash_db/RefSeq_20250528.k31.sbt.zip,"NC_015164.1 Phocaeicola salanitronis DSM 18170, complete sequence",c0d3c800ebb877e97dc5b20ea1f3b264,0.03218173213440606,53000,249,609323000,/nfs3_ib/nfs-ip34/home/def-ilafores/analysis/projet_PROVID19/Feces/preproc/GQ32/GQ32_unmatched_2.fastq,GQ32,9243066a,812556000,31,DNA,1000,812556,True,0.7554111776065038,0.8950728175488384,0.825241997577671,0.8950728175488384,False,1522,4552856,9440946
190000,0.00023383003756048814,0.017643142476697737,6.522627363529406e-05,0.00010507421607961745,18.71698113207547,7.0,19.962585152749533,/net/nfs-ip34/home/def-ilafores/ref_dbs/sourmash_db/RefSeq_20250528.k31.sbt.zip,NZ_OZ007030.1 MAG: uncultured Subdoligranulum sp. isolate 6755_HET_CTRL_s308.ctg000382l_hifiasm_large MAG chromosome 1,8b81679f12b525c13c9f662932994a00,0.06324900133155792,53000,250,609270000,/nfs3_ib/nfs-ip34/home/def-ilafores/analysis/projet_PROVID19/Feces/preproc/GQ32/GQ32_unmatched_2.fastq,GQ32,9243066a,812556000,31,DNA,1000,812556,True,0.7636032209040952,0.9147961159774156,0.8391996684407554,0.9147961159774156,False,992,4553848,9440946
55000,6.768764245172025e-05,0.0171900826446281,6.399558922708096e-05,8.367805514405018e-06,1.5192307692307692,1.0,0.6647840775939848,/net/nfs-ip34/home/def-ilafores/ref_dbs/sourmash_db/RefSeq_20250528.k31.sbt.zip,"NZ_CP066049.1 Actinomyces naeslundii strain FDAARGOS_1037 chromosome, complete genome",9e8862165c4c324966082c71e47d1b39,0.01818181818181818,52000,251,609218000,/nfs3_ib/nfs-ip34/home/def-ilafores/analysis/projet_PROVID19/Feces/preproc/GQ32/GQ32_unmatched_2.fastq,GQ32,9243066a,812556000,31,DNA,1000,812556,True,0.7336692260124367,0.8787377181753006,0.8062034720938687,0.8787377181753006,False,79,4553927,9440946
522000,0.0006424172610872359,0.0224622030237581,6.399558922708096e-05,0.00011397162953797215,20.692307692307693,21.0,8.73441130405492,/net/nfs-ip34/home/def-ilafores/ref_dbs/sourmash_db/RefSeq_20250528.k31.sbt.zip,"NZ_CP024960.1 Collinsella aerofaciens strain C11 chromosome, complete genome",ec56179731d98b9fa6dca12eb7eea848,0.22548596112311015,52000,252,609166000,/nfs3_ib/nfs-ip34/home/def-ilafores/analysis/projet_PROVID19/Feces/preproc/GQ32/GQ32_unmatched_2.fastq,GQ32,9243066a,812556000,31,DNA,1000,812556,True,0.7889080022683146,0.9530877494096516,0.8709978758389831,0.9530877494096516,False,1076,4555003,9440946
1531000,0.0018841778289742492,0.021940928270042195,6.399558922708096e-05,0.0004558865181518886,82.76923076923077,75.5,54.40044378517209,/net/nfs-ip34/home/def-ilafores/ref_dbs/sourmash_db/RefSeq_20250528.k31.sbt.zip,"NZ_CP133648.1 Bifidobacterium adolescentis strain 703B chromosome, complete genome",ee2ef05f8c07b2bdd708bf957eb6a5bc,0.6459915611814346,52000,253,609114000,/nfs3_ib/nfs-ip34/home/def-ilafores/analysis/projet_PROVID19/Feces/preproc/GQ32/GQ32_unmatched_2.fastq,GQ32,9243066a,812556000,31,DNA,1000,812556,True,0.8167717460026621,0.9860031112259071,0.9013874286142847,0.9860031112259071,False,4304,4559307,9440946
124000,0.00015260486661842384,0.013541666666666667,6.399558922708096e-05,6.196412944211311e-05,11.25,1.0,27.061806040134243,/net/nfs-ip34/home/def-ilafores/ref_dbs/sourmash_db/RefSeq_20250528.k31.sbt.zip,"NZ_AP031450.1 Holdemania massiliensis strain k38-0107-A5 chromosome, complete genome",efaf2d7610e4ff97776a88ae72c12130,0.03229166666666667,52000,254,609062000,/nfs3_ib/nfs-ip34/home/def-ilafores/analysis/projet_PROVID19/Feces/preproc/GQ32/GQ32_unmatched_2.fastq,GQ32,9243066a,812556000,31,DNA,1000,812556,True,0.7531635654360124,0.8951712876868803,0.8241674265614463,0.8951712876868803,False,585,4559892,9440946
4262000,0.0052451769478042125,0.00785824345146379,6.276490481886787e-05,2.6162632431114424e-05,4.8431372549019605,4.0,3.4263829268710246,/net/nfs-ip34/home/def-ilafores/ref_dbs/sourmash_db/RefSeq_20250528.k31.sbt.zip,"NZ_LT622246.1 Bacteroides ovatus V975 chromosome I, complete sequence",3a59a69a1892aab5aa6102b93bd4578a,0.6567026194144838,51000,255,609011000,/nfs3_ib/nfs-ip34/home/def-ilafores/analysis/projet_PROVID19/Feces/preproc/GQ32/GQ32_unmatched_2.fastq,GQ32,9243066a,812556000,31,DNA,1000,812556,True,0.8441971382598921,0.9865263036886067,0.9153617209742494,0.9865263036886067,False,247,4560139,9440946
105000,0.00012922186286237503,0.026997840172786176,6.153422041065477e-05,2.2773141589836444e-05,4.3,3.0,6.010823570859488,/net/nfs-ip34/home/def-ilafores/ref_dbs/sourmash_db/RefSeq_20250528.k31.sbt.zip,NZ_CP048741.1 Romboutsia sp. 13368 chromosome,6b50ba3d0d7cdd9081c30e0358c806f6,0.05669546436285097,50000,256,608961000,/nfs3_ib/nfs-ip34/home/def-ilafores/analysis/projet_PROVID19/Feces/preproc/GQ32/GQ32_unmatched_2.fastq,GQ32,9243066a,812556000,31,DNA,1000,812556,True,0.7491335125874153,0.9115738981744946,0.830353705380955,0.9115738981744946,False,215,4560354,9440946
51000,6.276490481886787e-05,0.028968713789107765,6.153422041065477e-05,6.990824860135838e-06,1.32,1.0,0.5455272678794342,/net/nfs-ip34/home/def-ilafores/ref_dbs/sourmash_db/RefSeq_20250528.k31.sbt.zip,"NZ_CP130703.1 Leuconostoc carnosum strain AMS1 chromosome, complete genome",787d92a65e33b6da411cf66ddd31c120,0.02954808806488992,50000,257,608911000,/nfs3_ib/nfs-ip34/home/def-ilafores/analysis/projet_PROVID19/Feces/preproc/GQ32/GQ32_unmatched_2.fastq,GQ32,9243066a,812556000,31,DNA,1000,812556,True,0.7318843822814433,0.892611007596012,0.8122476949387276,0.892611007596012,False,66,4560420,9440946
