intersect_bp,f_orig_query,f_match,f_unique_to_query,f_unique_weighted,average_abund,median_abund,std_abund,match_filename,match_name,match_md5,f_match_orig,unique_intersect_bp,gather_result_rank,remaining_bp,query_filename,query_name,query_md5,query_bp,ksize,moltype,scaled,query_n_hashes,query_abundance,query_containment_ani,match_containment_ani,average_containment_ani,max_containment_ani,n_unique_weighted_found,sum_weighted_found,total_weighted_hashes
4972000,0.00819995217244308,0.7892063492063492,0.00819995217244308,0.019328582345518847,27.34312148028962,14.0,131.8379287912683,signatures/df098e390010d8add7b59e4ff0574d30.sig.gz,"GCF_000011065.1 Bacteroides thetaiotaomicron VPI-5482 strain=VPI-5482, ASM1106v1",df098e390010d8add7b59e4ff0574d30,0.7892063492063492,4972000,0,601373000,/nfs3_ib/nfs-ip34/home/def-ilafores/analysis/MethodsComparison/PD/preproc/SRR19064665/SRR19064665_unmatched_2.fastq,SRR19064665,caaf731be22e1a9235dbbb67908ed041,606345000,31,DNA,1000,606345,true,0.856453110406183,0.9923927133249558,0.9244229118655694,0.9923927133249558,135950,135950,7033625
4778000,0.00788000230891654,0.7228897104128158,0.007739818090361098,0.024030140930174696,36.015128915405924,31.0,40.61476211595968,signatures/514bdd6aa640f40cc6414be0e11ec2f6.sig.gz,"GCF_001314995.1 Bacteroides ovatus strain=ATCC 8483, ASM131499v1",514bdd6aa640f40cc6414be0e11ec2f6,0.7359827479975354,4693000,1,596680000,/nfs3_ib/nfs-ip34/home/def-ilafores/analysis/MethodsComparison/PD/preproc/SRR19064665/SRR19064665_unmatched_2.fastq,SRR19064665,caaf731be22e1a9235dbbb67908ed041,606345000,31,DNA,1000,606345,true,0.8553542372349439,0.9901600675389037,0.9227571523869238,0.9901600675389037,169019,304969,7033625
4661000,0.007687042855140226,0.9106650924832743,0.007632618393818701,0.008167765554745953,12.413353500432152,10.0,31.345932284373117,signatures/dec6823a28f0aea55b13c3be158528c4.sig.gz,"GCF_000025985.1 Bacteroides fragilis NCTC 9343, ASM2598v1",dec6823a28f0aea55b13c3be158528c4,0.9171585989767808,4628000,2,592052000,/nfs3_ib/nfs-ip34/home/def-ilafores/analysis/MethodsComparison/PD/preproc/SRR19064665/SRR19064665_unmatched_2.fastq,SRR19064665,caaf731be22e1a9235dbbb67908ed041,606345000,31,DNA,1000,606345,true,0.8546704471768092,0.997214375217933,0.9259424111973711,0.997214375217933,57449,362418,7033625
4000000,0.006596904402609076,0.5995765915620747,0.006539181489086246,0.030257655192024027,53.67490542244641,53.0,37.049790816118865,signatures/4e1788a417277623d5d9145c388358e7.sig.gz,GCF_028539415.1 Bacteroides cellulosilyticus DSM 14838 strain=DSM 14838 ASM2853941v1,4e1788a417277623d5d9145c388358e7,0.604869197036141,3965000,3,588087000,/nfs3_ib/nfs-ip34/home/def-ilafores/analysis/MethodsComparison/PD/preproc/SRR19064665/SRR19064665_unmatched_2.fastq,SRR19064665,caaf731be22e1a9235dbbb67908ed041,606345000,31,DNA,1000,606345,true,0.8504643925504096,0.9839132782596884,0.917188835405049,0.9839132782596884,212821,575239,7033625
3859000,0.006364363522417106,0.8748567499427,0.00629509602618971,0.004153903570349571,7.654440660204349,5.0,22.61082627467143,signatures/a8c995daf67b413b45a7f31c15f510d6.sig.gz,GCF_025151215.1 Parabacteroides merdae ATCC 43184 strain=ATCC 43184 ASM2515121v1,a8c995daf67b413b45a7f31c15f510d6,0.8844831537932615,3817000,4,584270000,/nfs3_ib/nfs-ip34/home/def-ilafores/analysis/MethodsComparison/PD/preproc/SRR19064665/SRR19064665_unmatched_2.fastq,SRR19064665,caaf731be22e1a9235dbbb67908ed041,606345000,31,DNA,1000,606345,true,0.8494804459825535,0.9960480935588689,0.9227642697707112,0.9960480935588689,29217,604456,7033625
3805000,0.006275305312981884,0.747,0.006159859485936225,0.08725045762320283,164.30709504685407,159.0,152.61798803203192,signatures/960cc77fc7b96d595712107aaa1524b5.sig.gz,"GCF_000012825.1 Bacteroides vulgatus ATCC 8482 strain=ATCC 8482, ASM1282v1",960cc77fc7b96d595712107aaa1524b5,0.761,3735000,5,580535000,/nfs3_ib/nfs-ip34/home/def-ilafores/analysis/MethodsComparison/PD/preproc/SRR19064665/SRR19064665_unmatched_2.fastq,SRR19064665,caaf731be22e1a9235dbbb67908ed041,606345000,31,DNA,1000,606345,true,0.8490943738707751,0.9912283131550885,0.9201613435129319,0.9912283131550885,613687,1218143,7033625
4659000,0.007683744402938921,0.5457413249211357,0.00570632230825685,0.010700030212017275,21.751445086705203,14.0,30.75191728960756,signatures/8182caaf670814ebbeb9046e1a4982b9.sig.gz,"GCA_902362375.1 Bacteroidaceae bacterium, MGYG-HGUT-00013",8182caaf670814ebbeb9046e1a4982b9,0.7348580441640379,3460000,6,577075000,/nfs3_ib/nfs-ip34/home/def-ilafores/analysis/MethodsComparison/PD/preproc/SRR19064665/SRR19064665_unmatched_2.fastq,SRR19064665,caaf731be22e1a9235dbbb67908ed041,606345000,31,DNA,1000,606345,true,0.8546586146343197,0.9901112207981895,0.9223849177162546,0.9901112207981895,75260,1293403,7033625
3385000,0.0055826303507079305,0.5497969130787977,0.005580981124607278,0.002397056994081999,4.9822695035460995,2.0,65.18152715547414,signatures/ee57b146d808065c374f21482d0a5cda.sig.gz,GCF_025149125.1 [Clostridium] asparagiforme DSM 15981 strain=DSM 15981 ASM2514912v1,ee57b146d808065c374f21482d0a5cda,0.5499593826157595,3384000,7,573691000,/nfs3_ib/nfs-ip34/home/def-ilafores/analysis/MethodsComparison/PD/preproc/SRR19064665/SRR19064665_unmatched_2.fastq,SRR19064665,caaf731be22e1a9235dbbb67908ed041,606345000,31,DNA,1000,606345,true,0.8458968018271936,0.980897365828093,0.9133970838276433,0.980897365828093,16860,1310263,7033625
3315000,0.0054671845236622715,0.7980699638118215,0.005455639940957706,0.008234445254047523,17.508464328899638,10.0,44.897931951599716,signatures/928b2d7b80c57c283b973481c1cf1d26.sig.gz,"GCF_020554845.1 Blautia faecis strain=DFI.3.66, ASM2055484v1",928b2d7b80c57c283b973481c1cf1d26,0.7997587454764777,3308000,8,570383000,/nfs3_ib/nfs-ip34/home/def-ilafores/analysis/MethodsComparison/PD/preproc/SRR19064665/SRR19064665_unmatched_2.fastq,SRR19064665,caaf731be22e1a9235dbbb67908ed041,606345000,31,DNA,1000,606345,true,0.8453267972281405,0.9928180061251438,0.9190724016766422,0.9928180061251438,57918,1368181,7033625
3307000,0.0054539907148570535,0.7229292252734986,0.005340194113912047,0.02259318630151593,49.077208153180976,44.0,44.45365513194373,signatures/20e22b7a195404638366fe78b372a400.sig.gz,GCF_025148125.1 Blautia wexlerae DSM 19850 strain=DSM 19850 ASM2514812v1,20e22b7a195404638366fe78b372a400,0.7383344496539406,3238000,9,567145000,/nfs3_ib/nfs-ip34/home/def-ilafores/analysis/MethodsComparison/PD/preproc/SRR19064665/SRR19064665_unmatched_2.fastq,SRR19064665,caaf731be22e1a9235dbbb67908ed041,606345000,31,DNA,1000,606345,true,0.8452609136715691,0.9902619707145238,0.9177614421930465,0.9902619707145238,158912,1527093,7033625
3111000,0.005130742399129209,0.7940645161290323,0.005074668711707031,0.007280314204979652,16.64185895352616,11.0,39.70140963159925,signatures/873a8b7cc5e0a6e07152a8bfd5c774b1.sig.gz,"GCF_003473545.1 Clostridium sp. AM22-11AC strain=AM22-11AC, ASM347354v1",873a8b7cc5e0a6e07152a8bfd5c774b1,0.8028387096774193,3077000,10,564068000,/nfs3_ib/nfs-ip34/home/def-ilafores/analysis/MethodsComparison/PD/preproc/SRR19064665/SRR19064665_unmatched_2.fastq,SRR19064665,caaf731be22e1a9235dbbb67908ed041,606345000,31,DNA,1000,606345,true,0.8435966481556038,0.9929411142244129,0.9182688811900084,0.9929411142244129,51207,1578300,7033625
3035000,0.005005401215479636,0.700426944971537,0.00487016467522615,0.00688108905436386,16.3897731120894,12.0,24.536173915102186,signatures/e869cf0b15c41500b90acfad5f73aa6d.sig.gz,"GCF_900537995.1 Roseburia intestinalis L1-82 strain=L1-82, Roseburia intestinalis strain L1-82",e869cf0b15c41500b90acfad5f73aa6d,0.719876660341556,2953000,11,561115000,/nfs3_ib/nfs-ip34/home/def-ilafores/analysis/MethodsComparison/PD/preproc/SRR19064665/SRR19064665_unmatched_2.fastq,SRR19064665,caaf731be22e1a9235dbbb67908ed041,606345000,31,DNA,1000,606345,true,0.8429238681348221,0.9894535758365137,0.9161887219856679,0.9894535758365137,48399,1626699,7033625
2877000,0.004744823491576578,0.6098634962571554,0.004568356298806785,0.022656595994241944,57.52996389891697,57.0,29.963419412456663,signatures/2fc80b3803e2d9af5d93edb14dd1cc3b.sig.gz,GCF_025147485.1 Bacteroides uniformis strain=ATCC 8492 ASM2514748v1,2fc80b3803e2d9af5d93edb14dd1cc3b,0.6334214002642008,2770000,12,558345000,/nfs3_ib/nfs-ip34/home/def-ilafores/analysis/MethodsComparison/PD/preproc/SRR19064665/SRR19064665_unmatched_2.fastq,SRR19064665,caaf731be22e1a9235dbbb67908ed041,606345000,31,DNA,1000,606345,true,0.8414713943574879,0.9853782939726833,0.9134248441650856,0.9853782939726833,159358,1786057,7033625
2793000,0.004606288499121787,0.7172174840085288,0.0044380674368552555,0.005362952958111926,14.017465626161279,11.0,18.55795485130133,signatures/bd565496e63fae7da474a7dfe2ad2126.sig.gz,"GCF_003461955.1 Ruminococcus sp. AM36-2AA strain=AM36-2AA, ASM346195v1",bd565496e63fae7da474a7dfe2ad2126,0.7444029850746269,2691000,13,555654000,/nfs3_ib/nfs-ip34/home/def-ilafores/analysis/MethodsComparison/PD/preproc/SRR19064665/SRR19064665_unmatched_2.fastq,SRR19064665,caaf731be22e1a9235dbbb67908ed041,606345000,31,DNA,1000,606345,true,0.8406674460692592,0.9905234864383129,0.9155954662537861,0.9905234864383129,37721,1823778,7033625
2713000,0.004474350411069606,0.7464553794829024,0.004428172080251342,0.06358143915832874,166.55791433891991,161.0,82.74644190411779,signatures/79a393fb99d8977a1fe96a36cabdd09c.sig.gz,"GCF_000265365.1 Alistipes finegoldii DSM 17242 strain=DSM 17242, ASM26536v1",79a393fb99d8977a1fe96a36cabdd09c,0.754239644147901,2685000,14,552969000,/nfs3_ib/nfs-ip34/home/def-ilafores/analysis/MethodsComparison/PD/preproc/SRR19064665/SRR19064665_unmatched_2.fastq,SRR19064665,caaf731be22e1a9235dbbb67908ed041,606345000,31,DNA,1000,606345,true,0.8398797234341678,0.9909430336245216,0.9154113785293447,0.9909430336245216,447208,2270986,7033625
2768000,0.00456505784660548,0.6401477832512316,0.004286338635595247,0.009771774867155983,26.445171219699883,22.0,36.288707754136176,signatures/659be16e24434afee44065c0476f013e.sig.gz,GCF_025567015.1 Waltera acetigignens strain=f_CXY ASM2556701v1,659be16e24434afee44065c0476f013e,0.6817733990147783,2599000,15,550370000,/nfs3_ib/nfs-ip34/home/def-ilafores/analysis/MethodsComparison/PD/preproc/SRR19064665/SRR19064665_unmatched_2.fastq,SRR19064665,caaf731be22e1a9235dbbb67908ed041,606345000,31,DNA,1000,606345,true,0.840423653989979,0.9877193230181831,0.914071488504081,0.9877193230181831,68731,2339717,7033625
2560000,0.004222018817669809,0.6620814949390086,0.004207175782763938,0.002800831719063783,7.722461779694237,6.0,21.55173461628109,signatures/2de6b86d95365c349243cb609e5c2a62.sig.gz,"GCF_000239295.1 Flavonifractor plautii ATCC 29863 strain=ATCC 29863, ASM23929v1",2de6b86d95365c349243cb609e5c2a62,0.664417337139891,2551000,16,547819000,/nfs3_ib/nfs-ip34/home/def-ilafores/analysis/MethodsComparison/PD/preproc/SRR19064665/SRR19064665_unmatched_2.fastq,SRR19064665,caaf731be22e1a9235dbbb67908ed041,606345000,31,DNA,1000,606345,true,0.8383085127085794,0.9868980455826422,0.9126032791456108,0.9868980455826422,19700,2359417,7033625
2513000,0.004144505190939152,0.6472727272727272,0.0038163091969093503,0.005417263502105955,16.46629213483146,14.0,15.200530383358348,signatures/6fb5d9fae55cc8ecb2a67f82352fb7a7.sig.gz,GCF_025147765.1 Blautia obeum ATCC 29174 strain=ATCC 29174 ASM2514776v1,6fb5d9fae55cc8ecb2a67f82352fb7a7,0.7029370629370629,2314000,17,545505000,/nfs3_ib/nfs-ip34/home/def-ilafores/analysis/MethodsComparison/PD/preproc/SRR19064665/SRR19064665_unmatched_2.fastq,SRR19064665,caaf731be22e1a9235dbbb67908ed041,606345000,31,DNA,1000,606345,true,0.8378075702896133,0.9886938227131054,0.9132506965013594,0.9886938227131054,38103,2397520,7033625
2429000,0.004005970198484361,0.616304347826087,0.0037404447962793457,0.0054145621923261476,16.79188712522046,13.0,27.06686940135636,signatures/c2d8b6207a026871224ccd15d94fc35d.sig.gz,"GCF_003435375.1 Clostridium sp. AM34-11AC strain=AM34-11AC, ASM343537v1",c2d8b6207a026871224ccd15d94fc35d,0.660054347826087,2268000,18,543237000,/nfs3_ib/nfs-ip34/home/def-ilafores/analysis/MethodsComparison/PD/preproc/SRR19064665/SRR19064665_unmatched_2.fastq,SRR19064665,caaf731be22e1a9235dbbb67908ed041,606345000,31,DNA,1000,606345,true,0.8368892528490964,0.9866883267246407,0.9117887897868686,0.9866883267246407,38084,2435604,7033625
2349000,0.00387403211043218,0.702048417132216,0.0037305494396754325,0.0058278625886367275,18.121573828470382,15.0,18.939495631672106,signatures/d857a1209d50af1cfcfc6c682397f261.sig.gz,"GCF_000173975.1 Anaerobutyricum hallii DSM 3353 strain=DSM 3353, ASM17397v1",d857a1209d50af1cfcfc6c682397f261,0.729050279329609,2262000,19,540975000,/nfs3_ib/nfs-ip34/home/def-ilafores/analysis/MethodsComparison/PD/preproc/SRR19064665/SRR19064665_unmatched_2.fastq,SRR19064665,caaf731be22e1a9235dbbb67908ed041,606345000,31,DNA,1000,606345,true,0.8359856321822557,0.9898578280822875,0.9129217301322716,0.9898578280822875,40991,2476595,7033625
3701000,0.006103785798514047,0.3869565217391304,0.0036695280739512982,0.0038112637509108037,12.04808988764045,7.0,14.644243481245045,signatures/c08f8e47dd318b08d89c36c36e6da9e1.sig.gz,"GCF_000210075.1 Bacteroides xylanisolvens XB1A strain=XB1A, ASM21007v1",c08f8e47dd318b08d89c36c36e6da9e1,0.6436521739130435,2225000,20,538750000,/nfs3_ib/nfs-ip34/home/def-ilafores/analysis/MethodsComparison/PD/preproc/SRR19064665/SRR19064665_unmatched_2.fastq,SRR19064665,caaf731be22e1a9235dbbb67908ed041,606345000,31,DNA,1000,606345,true,0.8483356517776475,0.9858877249863102,0.9171116883819788,0.9858877249863102,26807,2503402,7033625
2768000,0.00456505784660548,0.5916733386709367,0.0036563342651460802,0.0026899358438927296,8.5340550293189,5.0,16.122580713434253,signatures/cb9cfd710212a550257ed974f220e156.sig.gz,"GCF_009707925.1 Blautia luti DSM 14534 strain=DSM 14534, ASM970792v1",cb9cfd710212a550257ed974f220e156,0.7387243127835602,2217000,21,536533000,/nfs3_ib/nfs-ip34/home/def-ilafores/analysis/MethodsComparison/PD/preproc/SRR19064665/SRR19064665_unmatched_2.fastq,SRR19064665,caaf731be22e1a9235dbbb67908ed041,606345000,31,DNA,1000,606345,true,0.840423653989979,0.9902788337790603,0.9153512438845197,0.9902788337790603,18920,2522322,7033625
2929000,0.004830583248810496,0.33393747168101495,0.0036464389085421665,0.004420338019157973,14.06196291270918,2.0,54.86621412418261,signatures/f26979452f4db0c26723e6d30f523075.sig.gz,"GCF_902364365.1 Bacteroides intestinalis, MGYG-HGUT-00211",f26979452f4db0c26723e6d30f523075,0.4423803050898656,2211000,22,534322000,/nfs3_ib/nfs-ip34/home/def-ilafores/analysis/MethodsComparison/PD/preproc/SRR19064665/SRR19064665_unmatched_2.fastq,SRR19064665,caaf731be22e1a9235dbbb67908ed041,606345000,31,DNA,1000,606345,true,0.8419577691577077,0.9740338671164425,0.9079958181370751,0.9740338671164425,31091,2553413,7033625
2338000,0.0038558906233250047,0.6466367713004484,0.0035672760557108577,0.006815688922852725,22.16319926028664,19.0,18.89831405177702,signatures/2761b9bfb8ee41b7d2e36ef75953884e.sig.gz,"GCF_001406815.1 Roseburia faecis strain=M72, M72",2761b9bfb8ee41b7d2e36ef75953884e,0.6989536621823618,2163000,23,532159000,/nfs3_ib/nfs-ip34/home/def-ilafores/analysis/MethodsComparison/PD/preproc/SRR19064665/SRR19064665_unmatched_2.fastq,SRR19064665,caaf731be22e1a9235dbbb67908ed041,606345000,31,DNA,1000,606345,true,0.8358590616036388,0.9885125921985836,0.9121858269011112,0.9885125921985836,47939,2601352,7033625
2313000,0.003814659970808698,0.5526180698151951,0.003550783794704335,0.004817004034192895,15.73664653971203,7.0,56.77167083727032,signatures/0878062848e44bf823b15b8a5d1eba75.sig.gz,GCF_025147325.1 Bacteroides stercoris ATCC 43183 strain=ATCC 43183 ASM2514732v1,0878062848e44bf823b15b8a5d1eba75,0.5936858316221766,2153000,24,530006000,/nfs3_ib/nfs-ip34/home/def-ilafores/analysis/MethodsComparison/PD/preproc/SRR19064665/SRR19064665_unmatched_2.fastq,SRR19064665,caaf731be22e1a9235dbbb67908ed041,606345000,31,DNA,1000,606345,true,0.8355692445703556,0.9833211421461818,0.9094451933582688,0.9833211421461818,33881,2635233,7033625
2196000,0.0036217005170323825,0.6682184978274364,0.003550783794704335,0.007531109491904956,24.60334417092429,23.0,12.137990781614961,signatures/56a187d0b325a22e72d7369e11bd76b9.sig.gz,"GCF_006542665.1 Alistipes communis strain=5CBH24, Acom_1.0",56a187d0b325a22e72d7369e11bd76b9,0.6815642458100558,2153000,25,527853000,/nfs3_ib/nfs-ip34/home/def-ilafores/analysis/MethodsComparison/PD/preproc/SRR19064665/SRR19064665_unmatched_2.fastq,SRR19064665,caaf731be22e1a9235dbbb67908ed041,606345000,31,DNA,1000,606345,true,0.8341712988050901,0.9877095470269657,0.9109404229160278,0.9877095470269657,52971,2688204,7033625
2148000,0.0035425376642010736,0.5057170080990948,0.003501307011684767,0.012363326165384136,40.96043334903438,27.0,82.30303333697911,signatures/cd255e017b4d3015ea771faa413a355b.sig.gz,"GCF_000233955.1 Paraprevotella clara YIT 11840 strain=YIT 11840, ASM23395v1",cd255e017b4d3015ea771faa413a355b,0.5116722248689852,2123000,26,525730000,/nfs3_ib/nfs-ip34/home/def-ilafores/analysis/MethodsComparison/PD/preproc/SRR19064665/SRR19064665_unmatched_2.fastq,SRR19064665,caaf731be22e1a9235dbbb67908ed041,606345000,31,DNA,1000,606345,true,0.8335768179900932,0.978616739228391,0.9060967786092421,0.978616739228391,86959,2775163,7033625
2223000,0.003666229621749994,0.581767955801105,0.0034732701679736785,0.001435675060868329,4.794871794871795,3.0,13.162859354603448,signatures/74059216b7cd65a7ff314267c1b83b8e.sig.gz,"GCF_005121165.3 Dysosmobacter welbionis strain=J115, ASM512116v3",74059216b7cd65a7ff314267c1b83b8e,0.6140883977900552,2106000,27,523624000,/nfs3_ib/nfs-ip34/home/def-ilafores/analysis/MethodsComparison/PD/preproc/SRR19064665/SRR19064665_unmatched_2.fastq,SRR19064665,caaf731be22e1a9235dbbb67908ed041,606345000,31,DNA,1000,606345,true,0.8345001915652424,0.984393502459607,0.9094468470124246,0.984393502459607,10098,2785261,7033625
2174000,0.0035854175428180327,0.3487986743993372,0.003471620941873026,0.0010819456539124563,3.6152019002375297,2.0,14.901805491516118,signatures/420d475a10a0d7f2dd3f44da9d2fe498.sig.gz,"GCF_003434055.1 Enterocloster aldensis strain=AF19-9LB, ASM343405v1",420d475a10a0d7f2dd3f44da9d2fe498,0.36023198011599006,2105000,28,521519000,/nfs3_ib/nfs-ip34/home/def-ilafores/analysis/MethodsComparison/PD/preproc/SRR19064665/SRR19064665_unmatched_2.fastq,SRR19064665,caaf731be22e1a9235dbbb67908ed041,606345000,31,DNA,1000,606345,true,0.8339004057128346,0.9676007628993311,0.9007505843060828,0.9676007628993311,7610,2792871,7033625
2302000,0.003796518483701523,0.5544711158005803,0.0034666732635710695,0.0031889672821624696,10.670789724072312,7.0,19.25792911308419,signatures/0c12e5258167a95b3340bc8d07d5f489.sig.gz,GCF_027667425.1 Fusicatenibacter saccharivorans strain=AM67-22ACA ASM2766742v1,0c12e5258167a95b3340bc8d07d5f489,0.6072276444209971,2102000,29,519417000,/nfs3_ib/nfs-ip34/home/def-ilafores/analysis/MethodsComparison/PD/preproc/SRR19064665/SRR19064665_unmatched_2.fastq,SRR19064665,caaf731be22e1a9235dbbb67908ed041,606345000,31,DNA,1000,606345,true,0.8354407634962865,0.9840367995453352,0.9097387815208109,0.9840367995453352,22430,2815301,7033625
2071000,0.003415547254450849,0.8377175232699312,0.0034138980283501966,0.0018245214949617018,6.19951690821256,5.0,4.275342149028541,signatures/4f67be0f727fda42c2baa38b6f3b835d.sig.gz,"GCA_900544375.1 uncultured Ruminococcaceae bacterium, UMGS668",4f67be0f727fda42c2baa38b6f3b835d,0.8381222177256171,2070000,30,517347000,/nfs3_ib/nfs-ip34/home/def-ilafores/analysis/MethodsComparison/PD/preproc/SRR19064665/SRR19064665_unmatched_2.fastq,SRR19064665,caaf731be22e1a9235dbbb67908ed041,606345000,31,DNA,1000,606345,true,0.8325957758351962,0.9943196992759251,0.9134577375555606,0.9943196992759251,12833,2828134,7033625
2134000,0.003519448498791942,0.306388132001211,0.0033380336277201925,0.015407133590431676,53.541501976284586,2.0,1036.036413384497,signatures/b76c6d7cdf3a8dcfbb203ff49246ba12.sig.gz,"GCF_015550595.1 Parabacteroides goldsteinii strain=1001217B_150727_C5, ASM1555059v1",b76c6d7cdf3a8dcfbb203ff49246ba12,0.3230396609143203,2024000,31,515323000,/nfs3_ib/nfs-ip34/home/def-ilafores/analysis/MethodsComparison/PD/preproc/SRR19064665/SRR19064665_unmatched_2.fastq,SRR19064665,caaf731be22e1a9235dbbb67908ed041,606345000,31,DNA,1000,606345,true,0.8334010049648829,0.9642053644890534,0.8988031847269682,0.9642053644890534,108368,2936502,7033625
2125000,0.0035046054638860715,0.5346112886048988,0.003311646010109756,0.001703673425865041,5.967629482071713,4.0,10.124988217895233,signatures/981003820b07cf0506a203ee425a0184.sig.gz,GCF_025567095.1 Anthropogastromicrobium aceti strain=H6_35 ASM2556709v1,981003820b07cf0506a203ee425a0184,0.5657614483493077,2008000,32,513315000,/nfs3_ib/nfs-ip34/home/def-ilafores/analysis/MethodsComparison/PD/preproc/SRR19064665/SRR19064665_unmatched_2.fastq,SRR19064665,caaf731be22e1a9235dbbb67908ed041,606345000,31,DNA,1000,606345,true,0.8332873919111107,0.9817941288261309,0.9075407603686207,0.9817941288261309,11983,2948485,7033625
2134000,0.003519448498791942,0.6127149877149877,0.0032902060708012767,0.005670617924612131,19.992481203007518,18.0,13.229891105207997,signatures/475be866757b5ae72a1570438ae17b63.sig.gz,"GCF_003478335.1 Clostridium sp. AM49-4BH strain=AM49-4BH, ASM347833v1",475be866757b5ae72a1570438ae17b63,0.6554054054054054,1995000,33,511320000,/nfs3_ib/nfs-ip34/home/def-ilafores/analysis/MethodsComparison/PD/preproc/SRR19064665/SRR19064665_unmatched_2.fastq,SRR19064665,caaf731be22e1a9235dbbb67908ed041,606345000,31,DNA,1000,606345,true,0.8334010049648829,0.9864633812854915,0.9099321931251871,0.9864633812854915,39885,2988370,7033625
2113000,0.003484814750678244,0.3092848180677541,0.003252273870486274,0.0010266398905258668,3.661764705882353,2.0,14.801996004918621,signatures/93f73424a62c9a7810069426678c2739.sig.gz,"GCF_002234575.2 Enterocloster bolteae strain=ATCC BAA-613, ASM223457v2",93f73424a62c9a7810069426678c2739,0.3313989962358846,1972000,34,509348000,/nfs3_ib/nfs-ip34/home/def-ilafores/analysis/MethodsComparison/PD/preproc/SRR19064665/SRR19064665_unmatched_2.fastq,SRR19064665,caaf731be22e1a9235dbbb67908ed041,606345000,31,DNA,1000,606345,true,0.8331351813106626,0.9650003207562069,0.8990677510334347,0.9650003207562069,7221,2995591,7033625
1960000,0.003232483157278447,0.5630928427709112,0.003230833931177795,0.0011474879596225275,4.119959162838183,3.0,3.2575987734254963,signatures/85180973bcf7ff8f6fcf5e290ed49454.sig.gz,"GCF_000024265.1 Eggerthella lenta DSM 2243 strain=DSM 2243, ASM2426v1",85180973bcf7ff8f6fcf5e290ed49454,0.5633802816901409,1959000,35,507389000,/nfs3_ib/nfs-ip34/home/def-ilafores/analysis/MethodsComparison/PD/preproc/SRR19064665/SRR19064665_unmatched_2.fastq,SRR19064665,caaf731be22e1a9235dbbb67908ed041,606345000,31,DNA,1000,606345,true,0.8311175639922391,0.9816605612121622,0.9063890626022006,0.9816605612121622,8071,3003662,7033625
2022000,0.0033347351755188877,0.741234756097561,0.003207744765768663,0.005591569070003021,20.220565552699227,17.0,20.23781968729771,signatures/9d842f452bc2873386caa06583d801ad.sig.gz,GCF_030296915.1 Anaerostipes hadrus ATCC 29173 = JCM 17467 strain=JCM 17467 ASM3029691v1,9d842f452bc2873386caa06583d801ad,0.770579268292683,1945000,36,505444000,/nfs3_ib/nfs-ip34/home/def-ilafores/analysis/MethodsComparison/PD/preproc/SRR19064665/SRR19064665_unmatched_2.fastq,SRR19064665,caaf731be22e1a9235dbbb67908ed041,606345000,31,DNA,1000,606345,true,0.8319529254991151,0.9916283759346974,0.9117906507169062,0.9916283759346974,39329,3042991,7033625
2371000,0.0039103150846465295,0.4846441947565543,0.003201147861366054,0.0015279461159786029,5.536836682122617,4.0,8.921104078475615,signatures/2a410b832a719fa88b97ddf5d0e066c5.sig.gz,"GCF_003461245.1 Blautia sp. AF19-10LB strain=AF19-10LB, ASM346124v1",2a410b832a719fa88b97ddf5d0e066c5,0.5920099875156055,1941000,37,503503000,/nfs3_ib/nfs-ip34/home/def-ilafores/analysis/MethodsComparison/PD/preproc/SRR19064665/SRR19064665_unmatched_2.fastq,SRR19064665,caaf731be22e1a9235dbbb67908ed041,606345000,31,DNA,1000,606345,true,0.8362370616888531,0.9832314809568853,0.9097342713228692,0.9832314809568853,10747,3053738,7033625
2210000,0.003644789682441514,0.5513992004568817,0.0031846556003595314,0.0017838596740656488,6.49766960124288,5.0,12.00282073513539,signatures/2c4be6d3f461c9f71df87a5d7ae22e2f.sig.gz,"GCF_000225345.1 Roseburia hominis A2-183 strain=A2-183, ASM22534v1",2c4be6d3f461c9f71df87a5d7ae22e2f,0.6310679611650486,1931000,38,501572000,/nfs3_ib/nfs-ip34/home/def-ilafores/analysis/MethodsComparison/PD/preproc/SRR19064665/SRR19064665_unmatched_2.fastq,SRR19064665,caaf731be22e1a9235dbbb67908ed041,606345000,31,DNA,1000,606345,true,0.8343423212320875,0.9852599806897439,0.9098011509609156,0.9852599806897439,12547,3066285,7033625
1943000,0.0032044463135673584,0.5976975731176104,0.0031681633393530087,0.002152801720307807,7.882352941176471,6.0,8.688711487991435,signatures/258760aab9c6ac2bdd2f8461544f96e1.sig.gz,"GCF_004154955.1 Intestinimonas butyriciproducens strain=SRB-521-5-I, ASM415495v1",258760aab9c6ac2bdd2f8461544f96e1,0.604542626011201,1921000,39,499651000,/nfs3_ib/nfs-ip34/home/def-ilafores/analysis/MethodsComparison/PD/preproc/SRR19064665/SRR19064665_unmatched_2.fastq,SRR19064665,caaf731be22e1a9235dbbb67908ed041,606345000,31,DNA,1000,606345,true,0.8308840446494971,0.9838961377082233,0.9073900911788602,0.9838961377082233,15142,3081427,7033625
2009000,0.0033132952362104084,0.6674876847290641,0.0031285819129373543,0.0027347207165579627,10.139694254085398,9.0,7.530993105481258,signatures/2e1846f271e5a6c1736e89d400b10289.sig.gz,GCF_025150085.1 Dorea longicatena strain=DSM 13814 ASM2515008v1,2e1846f271e5a6c1736e89d400b10289,0.7068965517241379,1897000,40,497754000,/nfs3_ib/nfs-ip34/home/def-ilafores/analysis/MethodsComparison/PD/preproc/SRR19064665/SRR19064665_unmatched_2.fastq,SRR19064665,caaf731be22e1a9235dbbb67908ed041,606345000,31,DNA,1000,606345,true,0.831779842690138,0.9888729830484508,0.9103264128692945,0.9888729830484508,19235,3100662,7033625
2060000,0.003397405767343674,0.5568147927229347,0.003079105129917786,0.002212941406458263,8.336904124263524,6.0,31.65038229067912,signatures/7ce01a2b906489a12149e88195eade6e.sig.gz,"GCF_020687205.1 Hominisplanchenecus faecis strain=CLA-AA-H246, ASM2068720v1",7ce01a2b906489a12149e88195eade6e,0.6143751864002386,1867000,41,495887000,/nfs3_ib/nfs-ip34/home/def-ilafores/analysis/MethodsComparison/PD/preproc/SRR19064665/SRR19064665_unmatched_2.fastq,SRR19064665,caaf731be22e1a9235dbbb67908ed041,606345000,31,DNA,1000,606345,true,0.8324527535484193,0.9844083290036157,0.9084305412760175,0.9844083290036157,15565,3116227,7033625
2003000,0.0033033998796064947,0.6234071093226022,0.003065911321112568,0.006769197959800246,25.61161915008069,24.0,15.854359831703526,signatures/202b4a96ab763ae8b9d9aa34459e999a.sig.gz,"GCF_009680455.1 Lachnospira eligens strain=BIOML-A1, ASM968045v1",202b4a96ab763ae8b9d9aa34459e999a,0.6716968477531858,1859000,42,494028000,/nfs3_ib/nfs-ip34/home/def-ilafores/analysis/MethodsComparison/PD/preproc/SRR19064665/SRR19064665_unmatched_2.fastq,SRR19064665,caaf731be22e1a9235dbbb67908ed041,606345000,31,DNA,1000,606345,true,0.831699592440532,0.9872450059167197,0.9094722991786259,0.9872450059167197,47612,3163839,7033625
1945000,0.003207744765768663,0.6544222539229672,0.0030263298946969137,0.004347829177699977,16.66539509536785,15.0,11.176721443611983,signatures/7ab97adfe1aa84492d9fd6e33d09a40b.sig.gz,"GCF_014287955.1 Lachnospira sp. NSJ-43 strain=NSJ-43, ASM1428795v1",7ab97adfe1aa84492d9fd6e33d09a40b,0.6936519258202568,1835000,43,492193000,/nfs3_ib/nfs-ip34/home/def-ilafores/analysis/MethodsComparison/PD/preproc/SRR19064665/SRR19064665_unmatched_2.fastq,SRR19064665,caaf731be22e1a9235dbbb67908ed041,606345000,31,DNA,1000,606345,true,0.8309116199151779,0.9882698254140034,0.9095907226645907,0.9882698254140034,30581,3194420,7033625
1934000,0.003189603278661488,0.5986238532110092,0.0030131360858916953,0.006140930174696547,23.641488779419813,16.0,31.886499719171606,signatures/58b144de4acaed89ce9d8071641d7213.sig.gz,"GCF_023347255.1 Faecalibacterium sp. I4384 strain=I4384, ASM2334725v1",58b144de4acaed89ce9d8071641d7213,0.6336828309305373,1827000,44,490366000,/nfs3_ib/nfs-ip34/home/def-ilafores/analysis/MethodsComparison/PD/preproc/SRR19064665/SRR19064665_unmatched_2.fastq,SRR19064665,caaf731be22e1a9235dbbb67908ed041,606345000,31,DNA,1000,606345,true,0.8307596150541802,0.9853914104852146,0.9080755127696973,0.9853914104852146,43193,3237613,7033625
1838000,0.0030312775729988703,0.6475817923186344,0.0030032407292877815,0.006192112886313956,23.917078528281163,22.0,16.004469427544457,signatures/3085eeec4919397105926f4ea1ff090f.sig.gz,"GCA_000980705.1 Ruminococcus sp. UNK.MGS-30, ASM98070v1",3085eeec4919397105926f4ea1ff090f,0.6536273115220483,1821000,45,488545000,/nfs3_ib/nfs-ip34/home/def-ilafores/analysis/MethodsComparison/PD/preproc/SRR19064665/SRR19064665_unmatched_2.fastq,SRR19064665,caaf731be22e1a9235dbbb67908ed041,606345000,31,DNA,1000,606345,true,0.8293963495562416,0.9863769373173082,0.9078866434367749,0.9863769373173082,43553,3281166,7033625
2068000,0.0034105995761488923,0.5302720093594618,0.0029900469204825635,0.0022271588263519876,8.640375068946497,6.0,12.764564257611045,signatures/8c91537000df08516afde1ea4eac7752.sig.gz,GCF_025149785.1 Coprococcus comes ATCC 27758 strain=ATCC 27758 ASM2514978v1,8c91537000df08516afde1ea4eac7752,0.6048552208248026,1813000,46,486732000,/nfs3_ib/nfs-ip34/home/def-ilafores/analysis/MethodsComparison/PD/preproc/SRR19064665/SRR19064665_unmatched_2.fastq,SRR19064665,caaf731be22e1a9235dbbb67908ed041,606345000,31,DNA,1000,606345,true,0.8325568428006485,0.9839125448815262,0.9082346938410873,0.9839125448815262,15665,3296831,7033625
1985000,0.003273713809794754,0.5443037974683544,0.0029785023377779975,0.011523218823863939,44.8781838316722,47.0,35.16563560005096,signatures/c7f0f63b1e20051e05be14074e3f6057.sig.gz,GCF_000020605.1 Agathobacter rectalis ATCC 33656 strain=ATCC 33656 ASM2060v1,c7f0f63b1e20051e05be14074e3f6057,0.5982519590114527,1806000,47,484926000,/nfs3_ib/nfs-ip34/home/def-ilafores/analysis/MethodsComparison/PD/preproc/SRR19064665/SRR19064665_unmatched_2.fastq,SRR19064665,caaf731be22e1a9235dbbb67908ed041,606345000,31,DNA,1000,606345,true,0.8314574383198141,0.9835642023775784,0.9075108203486962,0.9835642023775784,81050,3377881,7033625
1919000,0.003164864887151704,0.6426491994177583,0.002912533293751907,0.0033675380760276527,13.412231030577576,12.0,8.895450878110728,signatures/bd30a80e9e49a6b7322d7f92c2d7f7d5.sig.gz,GCF_025567465.1 Roseburia amylophila strain=Sanger_19 ASM2556746v1,bd30a80e9e49a6b7322d7f92c2d7f7d5,0.6983260553129549,1766000,48,483160000,/nfs3_ib/nfs-ip34/home/def-ilafores/analysis/MethodsComparison/PD/preproc/SRR19064665/SRR19064665_unmatched_2.fastq,SRR19064665,caaf731be22e1a9235dbbb67908ed041,606345000,31,DNA,1000,606345,true,0.8305509817754057,0.9884839472149853,0.9095174644951955,0.9884839472149853,23686,3401567,7033625
1776000,0.0029290255547584298,0.5485298766993361,0.0028614072846316865,0.0031018144982139367,12.57463976945245,9.0,16.48613222396233,signatures/0fd00fe0e4e8c9621563b19e910f942e.sig.gz,GCF_020687385.1 Hominilimicola fabiformis strain=CLA-AA-H232 ASM2068738v1,0fd00fe0e4e8c9621563b19e910f942e,0.561492254189061,1735000,49,481425000,/nfs3_ib/nfs-ip34/home/def-ilafores/analysis/MethodsComparison/PD/preproc/SRR19064665/SRR19064665_unmatched_2.fastq,SRR19064665,caaf731be22e1a9235dbbb67908ed041,606345000,31,DNA,1000,606345,true,0.8284787858381029,0.9815542665290401,0.9050165261835714,0.9815542665290401,21817,3423384,7033625
1737000,0.0028647057368329913,0.5650459921156373,0.0028366688931219025,0.0111295384670067,45.51220930232558,45.0,20.028348275728252,signatures/245cce7c17ed189565ed35f57884004e.sig.gz,GCF_025567495.1 Hominimerdicola aceti strain=Sanger_31 ASM2556749v1,245cce7c17ed189565ed35f57884004e,0.5706307490144547,1720000,50,479705000,/nfs3_ib/nfs-ip34/home/def-ilafores/analysis/MethodsComparison/PD/preproc/SRR19064665/SRR19064665_unmatched_2.fastq,SRR19064665,caaf731be22e1a9235dbbb67908ed041,606345000,31,DNA,1000,606345,true,0.8278855894900098,0.9820655787785221,0.9049755841342659,0.9820655787785221,78281,3501665,7033625
1739000,0.0028680041890342955,0.5768194070080862,0.0028234750843166845,0.0008550356324086086,3.5128504672897196,3.0,2.85593713543649,signatures/a4b84820347df41b4e179c121a5d09eb.sig.gz,"GCA_905214955.1 uncultured bacterium, ERR1430502-mag-bin.37",a4b84820347df41b4e179c121a5d09eb,0.5859164420485176,1712000,51,477993000,/nfs3_ib/nfs-ip34/home/def-ilafores/analysis/MethodsComparison/PD/preproc/SRR19064665/SRR19064665_unmatched_2.fastq,SRR19064665,caaf731be22e1a9235dbbb67908ed041,606345000,31,DNA,1000,606345,true,0.8279163219242862,0.9829033800962834,0.9054098510102848,0.9829033800962834,6014,3507679,7033625
1698000,0.0028003859189075528,0.6273458445040214,0.0027014323528684165,0.0011324174945351792,4.862637362637362,4.0,7.282126135551781,signatures/ff319075e0e50fcb7f8fec8840a453c8.sig.gz,"GCF_003425665.1 Evtepia gabavorous strain=KLE1738, ASM342566v1",ff319075e0e50fcb7f8fec8840a453c8,0.650325545767905,1638000,52,476355000,/nfs3_ib/nfs-ip34/home/def-ilafores/analysis/MethodsComparison/PD/preproc/SRR19064665/SRR19064665_unmatched_2.fastq,SRR19064665,caaf731be22e1a9235dbbb67908ed041,606345000,31,DNA,1000,606345,true,0.8272793613441108,0.9862158130206983,0.9067475871824046,0.9862158130206983,7965,3515644,7033625
1744000,0.002876250319537557,0.548233695652174,0.002661850926452762,0.0010849313120901384,4.728004956629492,4.0,4.3089769826377955,signatures/37519ff08fa08b5bc2ed2e92c46c0d51.sig.gz,"GCF_014337155.1 Wujia chipingensis strain=NSJ-4, ASM1433715v1",37519ff08fa08b5bc2ed2e92c46c0d51,0.592391304347826,1614000,53,474741000,/nfs3_ib/nfs-ip34/home/def-ilafores/analysis/MethodsComparison/PD/preproc/SRR19064665/SRR19064665_unmatched_2.fastq,SRR19064665,caaf731be22e1a9235dbbb67908ed041,606345000,31,DNA,1000,606345,true,0.8279930036160911,0.9832519037767389,0.905622453696415,0.9832519037767389,7631,3523275,7033625
1908000,0.003146723400044529,0.40222452146921883,0.002564546586514278,0.001426575912136345,6.452733118971061,3.0,21.263728697594786,signatures/c1ba8d0ce9c6c98a462fa26151e71b3a.sig.gz,GCF_025567525.1 Gallintestinimicrobium propionicum strain=Sanger_16 ASM2556752v1,c1ba8d0ce9c6c98a462fa26151e71b3a,0.49353336782203827,1555000,54,473186000,/nfs3_ib/nfs-ip34/home/def-ilafores/analysis/MethodsComparison/PD/preproc/SRR19064665/SRR19064665_unmatched_2.fastq,SRR19064665,caaf731be22e1a9235dbbb67908ed041,606345000,31,DNA,1000,606345,true,0.8303969785738197,0.9774779842059178,0.9039374813898687,0.9774779842059178,10034,3533309,7033625
1800000,0.002968606981174084,0.4424450157097972,0.0025546512299103644,0.001069149976008104,4.854744996772111,3.0,7.106599449035671,signatures/6d00b0a0ca344fdf96ce690671c5fa63.sig.gz,"GCF_902381825.1 Coprococcus catus, UHGG_MGYG-HGUT-01714",6d00b0a0ca344fdf96ce690671c5fa63,0.5141388174807198,1549000,55,471637000,/nfs3_ib/nfs-ip34/home/def-ilafores/analysis/MethodsComparison/PD/preproc/SRR19064665/SRR19064665_unmatched_2.fastq,SRR19064665,caaf731be22e1a9235dbbb67908ed041,606345000,31,DNA,1000,606345,true,0.8288375953725254,0.9787685650088395,0.9038030801906825,0.9787685650088395,7520,3540829,7033625
1750000,0.0028861456761414706,0.5251872021783526,0.002544755873306451,0.003043523076649665,13.873622812702527,8.0,21.113100926931494,signatures/c7d4730d7ef725fd5e285130d735d8de.sig.gz,"GCF_020687245.1 Faecalibacterium longum CLA-AA-H243 strain=CLA-AA-H243, ASM2068724v1",c7d4730d7ef725fd5e285130d735d8de,0.595643294758339,1543000,56,470094000,/nfs3_ib/nfs-ip34/home/def-ilafores/analysis/MethodsComparison/PD/preproc/SRR19064665/SRR19064665_unmatched_2.fastq,SRR19064665,caaf731be22e1a9235dbbb67908ed041,606345000,31,DNA,1000,606345,true,0.8280847413067546,0.98342556093849,0.9057551511226223,0.98342556093849,21407,3562236,7033625
1712000,0.0028234750843166845,0.5365853658536586,0.002539808195004494,0.0038708347402655104,17.679220779220778,15.0,12.247595445556227,signatures/e04f86ed449a091631fe081baf363d5e.sig.gz,GCF_020687165.1 Hominenteromicrobium mulieris strain=CLA-AA-H250 ASM2068716v1,e04f86ed449a091631fe081baf363d5e,0.5965156794425087,1540000,57,468554000,/nfs3_ib/nfs-ip34/home/def-ilafores/analysis/MethodsComparison/PD/preproc/SRR19064665/SRR19064665_unmatched_2.fastq,SRR19064665,caaf731be22e1a9235dbbb67908ed041,606345000,31,DNA,1000,606345,true,0.8274985177185089,0.9834719904359799,0.9054852540772445,0.9834719904359799,27226,3589462,7033625
1584000,0.002612374143433194,0.4844936708860759,0.0025249651600986237,0.001115072242264835,5.122795558458524,4.0,4.614669650829827,signatures/b6d8d2dfdb7d6c7ed581d206bd3f104c.sig.gz,"GCF_003477605.1 Clostridium sp. AF37-5 strain=AF37-5, ASM347760v1",b6d8d2dfdb7d6c7ed581d206bd3f104c,0.5012658227848101,1531000,58,467023000,/nfs3_ib/nfs-ip34/home/def-ilafores/analysis/MethodsComparison/PD/preproc/SRR19064665/SRR19064665_unmatched_2.fastq,SRR19064665,caaf731be22e1a9235dbbb67908ed041,606345000,31,DNA,1000,606345,true,0.8254267906278683,0.9779682989012393,0.9016975447645538,0.9779682989012393,7843,3597305,7033625
1524000,0.0025134205773940576,0.5642354683450573,0.0025134205773940576,0.007764559526559918,35.83530183727034,33.0,19.62248129449964,signatures/f3a90d4e5528864a5bcc8434b0d0c3b1.sig.gz,"GCF_000020225.1 Akkermansia muciniphila ATCC BAA-835 strain=ATCC BAA-835, ASM2022v1",f3a90d4e5528864a5bcc8434b0d0c3b1,0.5642354683450573,1524000,59,465499000,/nfs3_ib/nfs-ip34/home/def-ilafores/analysis/MethodsComparison/PD/preproc/SRR19064665/SRR19064665_unmatched_2.fastq,SRR19064665,caaf731be22e1a9235dbbb67908ed041,606345000,31,DNA,1000,606345,true,0.8243992462115073,0.9817085942589365,0.9030539202352219,0.9817085942589365,54613,3651918,7033625
1560000,0.0025727927170175395,0.6328626444159179,0.002439205402864706,0.01636581421386554,77.83029073698445,68.0,133.6235172277131,signatures/2e8f8e349a6c7ac173d5f4f52e009efc.sig.gz,GCA_025757645.1 Clostridiales bacterium ASM2575764v1,2e8f8e349a6c7ac173d5f4f52e009efc,0.6675224646983312,1479000,60,464020000,/nfs3_ib/nfs-ip34/home/def-ilafores/analysis/MethodsComparison/PD/preproc/SRR19064665/SRR19064665_unmatched_2.fastq,SRR19064665,caaf731be22e1a9235dbbb67908ed041,606345000,31,DNA,1000,606345,true,0.8250203687649644,0.9870464917149651,0.9060334302399647,0.9870464917149651,115111,3767029,7033625
1445000,0.0023831317154425287,0.5489897064430042,0.0023748855849392674,0.0006932413940180206,3.386111111111111,3.0,2.953731423299629,signatures/d5f19efee4588f7132a28f846bb2d8cb.sig.gz,"GCA_900545515.1 uncultured Clostridiales bacterium, UMGS777",d5f19efee4588f7132a28f846bb2d8cb,0.5508959207014869,1440000,61,462580000,/nfs3_ib/nfs-ip34/home/def-ilafores/analysis/MethodsComparison/PD/preproc/SRR19064665/SRR19064665_unmatched_2.fastq,SRR19064665,caaf731be22e1a9235dbbb67908ed041,606345000,31,DNA,1000,606345,true,0.8229849105133809,0.9809512050900289,0.9019680578017049,0.9809512050900289,4876,3771905,7033625
1465000,0.002416116237455574,0.6468721668177697,0.0023534456456307876,0.012273045549058984,60.493342676944636,59.0,25.84348186369484,signatures/23046228a81e0db1a133ced8759c53be.sig.gz,"GCA_003507655.1 Lachnospiraceae bacterium, ASM350765v1",23046228a81e0db1a133ced8759c53be,0.6640979147778785,1427000,62,461153000,/nfs3_ib/nfs-ip34/home/def-ilafores/analysis/MethodsComparison/PD/preproc/SRR19064665/SRR19064665_unmatched_2.fastq,SRR19064665,caaf731be22e1a9235dbbb67908ed041,606345000,31,DNA,1000,606345,true,0.8233499167706001,0.9868827369640514,0.9051163268673257,0.9868827369640514,86324,3858229,7033625
1554000,0.0025628973604136258,0.42560865644724977,0.002335304158523613,0.005094385896319466,25.305084745762713,24.0,18.290464840699467,signatures/a0e45b07597836dbbf25c50a48739743.sig.gz,"GCA_020687125.1 Oscillospiraceae bacterium CLA-AA-H269 strain=CLA-AA-H269, ASM2068712v1",a0e45b07597836dbbf25c50a48739743,0.4670874661857529,1416000,63,459737000,/nfs3_ib/nfs-ip34/home/def-ilafores/analysis/MethodsComparison/PD/preproc/SRR19064665/SRR19064665_unmatched_2.fastq,SRR19064665,caaf731be22e1a9235dbbb67908ed041,606345000,31,DNA,1000,606345,true,0.8249178179397809,0.9757429593745204,0.9003303886571506,0.9757429593745204,35832,3894061,7033625
1485000,0.0024491007594686196,0.45811688311688314,0.0023270580280203516,0.0007287849437523326,3.632884479092842,2.0,5.2462962643552435,signatures/7ea1b3c55be6e308fa316078f05fe4e8.sig.gz,GCF_025567565.1 Muriventricola aceti strain=H5_61 ASM2556756v1,7ea1b3c55be6e308fa316078f05fe4e8,0.48214285714285715,1411000,64,458326000,/nfs3_ib/nfs-ip34/home/def-ilafores/analysis/MethodsComparison/PD/preproc/SRR19064665/SRR19064665_unmatched_2.fastq,SRR19064665,caaf731be22e1a9235dbbb67908ed041,606345000,31,DNA,1000,606345,true,0.823710132245395,0.9767419992442922,0.9002260657448435,0.9767419992442922,5126,3899187,7033625
1409000,0.002323759575819047,0.6917034855179185,0.002323759575819047,0.0032220938705148482,16.08445706174592,14.0,17.519753620806092,signatures/67c65ed0334c2a6f06b9e2579342b4b1.sig.gz,"GCF_010120595.1 Streptococcus thermophilus strain=ATCC 19258, ASM1012059v1",67c65ed0334c2a6f06b9e2579342b4b1,0.6917034855179185,1409000,65,456917000,/nfs3_ib/nfs-ip34/home/def-ilafores/analysis/MethodsComparison/PD/preproc/SRR19064665/SRR19064665_unmatched_2.fastq,SRR19064665,caaf731be22e1a9235dbbb67908ed041,606345000,31,DNA,1000,606345,true,0.8223154036555195,0.988180154763844,0.9052477792096818,0.988180154763844,22663,3921850,7033625
1667000,0.0027492599097873323,0.41955255899479005,0.002257790531792956,0.0011027030869572945,5.6654492330168,4.0,12.0096374663673,signatures/05fdfb341baa3ac1ba3aa5b66467573e.sig.gz,"GCF_003024715.1 Lachnoclostridium sp. SNUG30386 strain=SNUG30386, ASM302471v1",05fdfb341baa3ac1ba3aa5b66467573e,0.5108795586883236,1369000,66,455548000,/nfs3_ib/nfs-ip34/home/def-ilafores/analysis/MethodsComparison/PD/preproc/SRR19064665/SRR19064665_unmatched_2.fastq,SRR19064665,caaf731be22e1a9235dbbb67908ed041,606345000,31,DNA,1000,606345,true,0.8267877970334061,0.9785677979637033,0.9026777974985547,0.9785677979637033,7756,3929606,7033625
1761000,0.0029042871632486457,0.2524145616641902,0.0022412982707864333,0.0005648580923776858,2.9234731420161886,2.0,4.174455519766848,signatures/7002fcebf844f96d46aab14d98e07d37.sig.gz,"GCF_020297485.1 Enterocloster clostridioformis strain=FDAARGOS_1529, ASM2029748v1",7002fcebf844f96d46aab14d98e07d37,0.32708023774145617,1359000,67,454189000,/nfs3_ib/nfs-ip34/home/def-ilafores/analysis/MethodsComparison/PD/preproc/SRR19064665/SRR19064665_unmatched_2.fastq,SRR19064665,caaf731be22e1a9235dbbb67908ed041,606345000,31,DNA,1000,606345,true,0.8282521393023482,0.9645920700540319,0.8964221046781901,0.9645920700540319,3973,3933579,7033625
1715000,0.002828422762618641,0.3574672722415175,0.002206664522672736,0.0019954148820842737,10.489536621823618,2.0,32.47664854448719,signatures/3084336da12f2dbb52eea2c7a0fce80e.sig.gz,GCF_025566965.1 Blautia ammoniilytica strain=Sanger_23 ASM2556696v1,3084336da12f2dbb52eea2c7a0fce80e,0.4581886187550093,1338000,68,452851000,/nfs3_ib/nfs-ip34/home/def-ilafores/analysis/MethodsComparison/PD/preproc/SRR19064665/SRR19064665_unmatched_2.fastq,SRR19064665,caaf731be22e1a9235dbbb67908ed041,606345000,31,DNA,1000,606345,true,0.8275452540964415,0.9751376954230923,0.9013414747597669,0.9751376954230923,14035,3947614,7033625
1335000,0.002201716844370779,0.46370683579985905,0.002170381548458386,0.0008243260054381631,4.405775075987842,3.0,3.773942424114843,signatures/c72706237db6836531f49b2ee788d5c9.sig.gz,"GCF_009755265.1 Adlercreutzia equolifaciens strain=ResAG-91, ASM975526v1",c72706237db6836531f49b2ee788d5c9,0.4704016913319239,1316000,69,451535000,/nfs3_ib/nfs-ip34/home/def-ilafores/analysis/MethodsComparison/PD/preproc/SRR19064665/SRR19064665_unmatched_2.fastq,SRR19064665,caaf731be22e1a9235dbbb67908ed041,606345000,31,DNA,1000,606345,true,0.8208855821915071,0.9759655315237769,0.898425556857642,0.9759655315237769,5798,3953412,7033625
1671000,0.0027558568141899413,0.39585870889159563,0.00214399393084795,0.0008877356981641756,4.803076923076923,4.0,7.452598291990189,signatures/c9db8a0f1ca1dc314b40e6758f8144cd.sig.gz,"GCA_001312505.1 [Ruminococcus] faecis JCM 15917 strain=JCM 15917, ASM131250v1",c9db8a0f1ca1dc314b40e6758f8144cd,0.508830694275274,1300000,70,450235000,/nfs3_ib/nfs-ip34/home/def-ilafores/analysis/MethodsComparison/PD/preproc/SRR19064665/SRR19064665_unmatched_2.fastq,SRR19064665,caaf731be22e1a9235dbbb67908ed041,606345000,31,DNA,1000,606345,true,0.826851719424916,0.9784409545004771,0.9026463369626965,0.9784409545004771,6244,3959656,7033625
1289000,0.0021258524437407747,0.6149397590361446,0.002104412504432295,0.001152321882386394,6.351880877742946,6.0,4.399255911532266,signatures/1c6a56d3f10974b4221535b9df17a11e.sig.gz,"GCA_900552305.1 uncultured Clostridiales bacterium, UMGS1494",1c6a56d3f10974b4221535b9df17a11e,0.6212048192771085,1276000,71,448959000,/nfs3_ib/nfs-ip34/home/def-ilafores/analysis/MethodsComparison/PD/preproc/SRR19064665/SRR19064665_unmatched_2.fastq,SRR19064665,caaf731be22e1a9235dbbb67908ed041,606345000,31,DNA,1000,606345,true,0.819957591050876,0.9847594460639738,0.9023585185574249,0.9847594460639738,8105,3967761,7033625
1341000,0.0022116122009746926,0.49921445404556164,0.002096166373929034,0.0006038138228864917,3.341463414634146,3.0,2.9389011469013178,signatures/6febeb764d7d5f08ed9a060afaab0854.sig.gz,"GCF_014287435.1 Roseburia sp. NSJ-9 strain=NSJ-9, ASM1428743v1",6febeb764d7d5f08ed9a060afaab0854,0.5267085624509034,1271000,72,447688000,/nfs3_ib/nfs-ip34/home/def-ilafores/analysis/MethodsComparison/PD/preproc/SRR19064665/SRR19064665_unmatched_2.fastq,SRR19064665,caaf731be22e1a9235dbbb67908ed041,606345000,31,DNA,1000,606345,true,0.821004336181592,0.979531483332333,0.9002679097569625,0.979531483332333,4247,3972008,7033625
1509000,0.002488682185884274,0.32920400632577757,0.002059883399714684,0.0005358545557944871,3.0176140912730185,2.0,4.035631183251438,signatures/7cd4b3339789e10ae81fb36d32edd892.sig.gz,"GCF_020686945.1 Fusicatenibacter sp. CLA-AA-H277 strain=CLA-AA-H277, ASM2068694v1",7cd4b3339789e10ae81fb36d32edd892,0.3977332630469162,1249000,73,446439000,/nfs3_ib/nfs-ip34/home/def-ilafores/analysis/MethodsComparison/PD/preproc/SRR19064665/SRR19064665_unmatched_2.fastq,SRR19064665,caaf731be22e1a9235dbbb67908ed041,606345000,31,DNA,1000,606345,true,0.8241362442464858,0.9706968272082173,0.8974165357273516,0.9706968272082173,3769,3975777,7033625
1303000,0.0021489416091499064,0.5064182194616977,0.0020170035210977247,0.004531944765323713,26.063777596075226,24.0,16.01974010575749,signatures/0c27e38f5990e49c33434011e5c9e03c.sig.gz,"GCF_002834235.1 Ruminococcus bromii strain=5AMG, ASM283423v1",0c27e38f5990e49c33434011e5c9e03c,0.5395445134575569,1223000,74,445216000,/nfs3_ib/nfs-ip34/home/def-ilafores/analysis/MethodsComparison/PD/preproc/SRR19064665/SRR19064665_unmatched_2.fastq,SRR19064665,caaf731be22e1a9235dbbb67908ed041,606345000,31,DNA,1000,606345,true,0.8202433715734379,0.9802925875112781,0.900267979542358,0.9802925875112781,31876,4007653,7033625
1575000,0.0025975311085273236,0.3934320669671603,0.002015354294997073,0.010651833158577546,61.310147299509005,63.0,31.356634160417855,signatures/b7fbb7c245964c8787ceff9b2ee964a0.sig.gz,"GCF_003324185.1 Faecalibacterium prausnitzii strain=ATCC 27768, ASM332418v1",b7fbb7c245964c8787ceff9b2ee964a0,0.5070830650354153,1222000,75,443994000,/nfs3_ib/nfs-ip34/home/def-ilafores/analysis/MethodsComparison/PD/preproc/SRR19064665/SRR19064665_unmatched_2.fastq,SRR19064665,caaf731be22e1a9235dbbb67908ed041,606345000,31,DNA,1000,606345,true,0.8252750852388977,0.978332369031058,0.9018037271349779,0.978332369031058,74921,4082574,7033625
1379000,0.0022742827927994787,0.3615499254843517,0.002000511260091202,0.0006976487941850753,4.045342126957956,2.0,9.702266254458117,signatures/baeb57fa40d7e53b4bf7a400d364774b.sig.gz,GCF_025567195.1 Alitiscatomonas aceti strain=f_CCE ASM2556719v1,baeb57fa40d7e53b4bf7a400d364774b,0.41102831594634875,1213000,76,442781000,/nfs3_ib/nfs-ip34/home/def-ilafores/analysis/MethodsComparison/PD/preproc/SRR19064665/SRR19064665_unmatched_2.fastq,SRR19064665,caaf731be22e1a9235dbbb67908ed041,606345000,31,DNA,1000,606345,true,0.8217447123838502,0.9717269545992047,0.8967358334915274,0.9717269545992047,4907,4087481,7033625
1364000,0.0022495444012896946,0.32926829268292684,0.0019592806075748957,0.00884366169649363,52.35942760942761,50.0,26.298236495438463,signatures/48227f0b50ffcdb8b37511d627bd1277.sig.gz,"GCF_014297285.1 Dysosmobacter sp. BX15 strain=BX15, ASM1429728v1",48227f0b50ffcdb8b37511d627bd1277,0.3780487804878049,1188000,77,441593000,/nfs3_ib/nfs-ip34/home/def-ilafores/analysis/MethodsComparison/PD/preproc/SRR19064665/SRR19064665_unmatched_2.fastq,SRR19064665,caaf731be22e1a9235dbbb67908ed041,606345000,31,DNA,1000,606345,true,0.8214548456402188,0.9691087415624972,0.895281793601358,0.9691087415624972,62203,4149684,7033625
1345000,0.0022182091053773016,0.2536373507057546,0.00192629608556185,0.00041443778990207753,2.495719178082192,2.0,2.64574784788039,signatures/a63a81f7bc7c333dc06b5ea16a429445.sig.gz,"GCF_900086585.1 Emergencia timonensis strain=SN18, PRJEB13931",a63a81f7bc7c333dc06b5ea16a429445,0.2920738327904452,1168000,78,440425000,/nfs3_ib/nfs-ip34/home/def-ilafores/analysis/MethodsComparison/PD/preproc/SRR19064665/SRR19064665_unmatched_2.fastq,SRR19064665,caaf731be22e1a9235dbbb67908ed041,606345000,31,DNA,1000,606345,true,0.8210832201807754,0.9610762107468581,0.8910797154638168,0.9610762107468581,2915,4152599,7033625
1489000,0.0024556976638712286,0.3386011120866257,0.0019081545984546752,0.0006758961417476764,4.108902333621435,2.0,10.46995447352007,signatures/c46ef26c3dda193f461131a83430ee5d.sig.gz,"GCA_003481745.1 Firmicutes bacterium OM04-13BH strain=OM04-13BH, ASM348174v1",c46ef26c3dda193f461131a83430ee5d,0.43576236464735146,1157000,79,439268000,/nfs3_ib/nfs-ip34/home/def-ilafores/analysis/MethodsComparison/PD/preproc/SRR19064665/SRR19064665_unmatched_2.fastq,SRR19064665,caaf731be22e1a9235dbbb67908ed041,606345000,31,DNA,1000,606345,true,0.8237816116360835,0.9735603858743753,0.8986709987552295,0.9735603858743753,4754,4157353,7033625
1188000,0.0019592806075748957,0.2056985294117647,0.001845484006629889,0.0015208374060317405,9.559428060768543,4.0,35.84920007051931,signatures/5c4ff261a0e70d62e40310cd5591ac00.sig.gz,"GCF_011927845.1 Butyricimonas paravirosa strain=DSM 105722, ASM1192784v1",5c4ff261a0e70d62e40310cd5591ac00,0.21838235294117647,1119000,80,438149000,/nfs3_ib/nfs-ip34/home/def-ilafores/analysis/MethodsComparison/PD/preproc/SRR19064665/SRR19064665_unmatched_2.fastq,SRR19064665,caaf731be22e1a9235dbbb67908ed041,606345000,31,DNA,1000,606345,true,0.8178022078660121,0.9521041032059625,0.8849531555359873,0.9521041032059625,10697,4168050,7033625
1198000,0.0019757728685814184,0.3406288532675709,0.001822394841220757,0.0006265616947164513,3.988235294117647,3.0,6.239187719699596,signatures/f5b8118b5c8d1cd71ab0f4ec367c387c.sig.gz,"GCF_009696065.1 Lachnospiraceae bacterium BSM-380-WT-5A strain=BSM-380-WT-5A, ASM969606v1",f5b8118b5c8d1cd71ab0f4ec367c387c,0.3692971639950678,1105000,81,437044000,/nfs3_ib/nfs-ip34/home/def-ilafores/analysis/MethodsComparison/PD/preproc/SRR19064665/SRR19064665_unmatched_2.fastq,SRR19064665,caaf731be22e1a9235dbbb67908ed041,606345000,31,DNA,1000,606345,true,0.8180233682835396,0.9683768222451904,0.8932000952643651,0.9683768222451904,4407,4172457,7033625
1218000,0.0020087573905944634,0.4754816112084063,0.001791059545308364,0.0008666939167214629,5.613259668508287,4.0,5.095909696616625,signatures/9c3e18fe8819a5356cca94ed98c26da2.sig.gz,"GCF_002094975.1 Streptococcus salivarius strain=ATCC 25975, ASM209497v1",9c3e18fe8819a5356cca94ed98c26da2,0.5332749562171629,1086000,82,435958000,/nfs3_ib/nfs-ip34/home/def-ilafores/analysis/MethodsComparison/PD/preproc/SRR19064665/SRR19064665_unmatched_2.fastq,SRR19064665,caaf731be22e1a9235dbbb67908ed041,606345000,31,DNA,1000,606345,true,0.8184603798975921,0.9799230510292244,0.8991917154634083,0.9799230510292244,6096,4178553,7033625
1137000,0.0018751700764416297,0.41449386503067487,0.0017828134148051027,0.0005401197817626047,3.5143385753931544,2.0,4.757585865480555,signatures/914bcf62eecc3d9d979a49f30f079bec.sig.gz,"GCA_900546495.1 uncultured Lachnospiraceae bacterium, UMGS894",914bcf62eecc3d9d979a49f30f079bec,0.43596625766871167,1081000,83,434877000,/nfs3_ib/nfs-ip34/home/def-ilafores/analysis/MethodsComparison/PD/preproc/SRR19064665/SRR19064665_unmatched_2.fastq,SRR19064665,caaf731be22e1a9235dbbb67908ed041,606345000,31,DNA,1000,606345,true,0.8166454934409679,0.973575077015691,0.8951102852283295,0.973575077015691,3799,4182352,7033625
1085000,0.0017894103192077119,0.42243063696756544,0.0017828134148051027,0.00044983916543745226,2.9269195189639223,2.0,2.1956197757838862,signatures/1a7cafe23821babf9b9627f5efea44df.sig.gz,"GCF_004134775.1 Candidatus Borkfalkia ceftriaxoniphila strain=HDS1380, ASM413477v1",1a7cafe23821babf9b9627f5efea44df,0.4239937475576397,1081000,84,433796000,/nfs3_ib/nfs-ip34/home/def-ilafores/analysis/MethodsComparison/PD/preproc/SRR19064665/SRR19064665_unmatched_2.fastq,SRR19064665,caaf731be22e1a9235dbbb67908ed041,606345000,31,DNA,1000,606345,true,0.8154132043918323,0.9727009435860966,0.8940570739889644,0.9727009435860966,3164,4185516,7033625
1567000,0.0025843372997221056,0.26283316880552815,0.0017564257971946664,0.0009730402175265243,6.426291079812207,2.0,27.3006296484469,signatures/2297ea50ecdd1c8050ea75a720bbf9de.sig.gz,"GCF_000174195.1 Roseburia inulinivorans DSM 16841 strain=DSM 16841, ASM17419v1",2297ea50ecdd1c8050ea75a720bbf9de,0.38672260612043435,1065000,85,432731000,/nfs3_ib/nfs-ip34/home/def-ilafores/analysis/MethodsComparison/PD/preproc/SRR19064665/SRR19064665_unmatched_2.fastq,SRR19064665,caaf731be22e1a9235dbbb67908ed041,606345000,31,DNA,1000,606345,true,0.8251395300611329,0.9698181517170322,0.8974788408890826,0.9698181517170322,6844,4192360,7033625
1418000,0.002338602610724917,0.15777042985356637,0.0016525245528535735,0.0003180436830226235,2.2325349301397206,2.0,3.5196652219675655,signatures/c61cf47008daac7b3c5b701169a58aac.sig.gz,"GCA_000155435.1 Clostridiales bacterium 1_7_47FAA strain=1_7_47FAA, ASM15543v1",c61cf47008daac7b3c5b701169a58aac,0.22327192568099513,1002000,86,431729000,/nfs3_ib/nfs-ip34/home/def-ilafores/analysis/MethodsComparison/PD/preproc/SRR19064665/SRR19064665_unmatched_2.fastq,SRR19064665,caaf731be22e1a9235dbbb67908ed041,606345000,31,DNA,1000,606345,true,0.8224843191531379,0.9527844245047458,0.8876343718289419,0.9527844245047458,2237,4194597,7033625
1088000,0.0017943579975096685,0.3597122302158273,0.001649226100652269,0.000367093781655974,2.582,2.0,2.251949377761411,signatures/ed58d2fb6ae65af8084ac6cab71ecbe5.sig.gz,"GCF_002874775.1 Monoglobus pectinilyticus strain=14, ASM287477v1",ed58d2fb6ae65af8084ac6cab71ecbe5,0.39136690647482014,1000000,87,430729000,/nfs3_ib/nfs-ip34/home/def-ilafores/analysis/MethodsComparison/PD/preproc/SRR19064665/SRR19064665_unmatched_2.fastq,SRR19064665,caaf731be22e1a9235dbbb67908ed041,606345000,31,DNA,1000,606345,true,0.8154858362554251,0.9701916925895561,0.8928387644224907,0.9701916925895561,2582,4197179,7033625
984000,0.0016228384830418326,0.537411250682687,0.0016228384830418326,0.00213303950665553,15.246951219512194,14.0,10.56065479642848,signatures/e2a2129d00074548f6d3289cddaf4c14.sig.gz,"GCF_000160055.1 Dialister invisus DSM 15470 strain=DSM 15470, ASM16005v1",e2a2129d00074548f6d3289cddaf4c14,0.537411250682687,984000,88,429745000,/nfs3_ib/nfs-ip34/home/def-ilafores/analysis/MethodsComparison/PD/preproc/SRR19064665/SRR19064665_unmatched_2.fastq,SRR19064665,caaf731be22e1a9235dbbb67908ed041,606345000,31,DNA,1000,606345,true,0.8128471373157542,0.9801673185926512,0.8965072279542027,0.9801673185926512,15003,4212182,7033625
2006000,0.0033083475579084513,0.15307716338644173,0.0016162415786392236,0.0003589898523165509,2.576530612244898,2.0,3.461635245890808,signatures/d277a188f753b7e6179e894ef53e986b.sig.gz,"GCF_003024655.1 Enterocloster lavalensis strain=KCTC 15153, ASM302465v1",d277a188f753b7e6179e894ef53e986b,0.3133395813808185,980000,89,428765000,/nfs3_ib/nfs-ip34/home/def-ilafores/analysis/MethodsComparison/PD/preproc/SRR19064665/SRR19064665_unmatched_2.fastq,SRR19064665,caaf731be22e1a9235dbbb67908ed041,606345000,31,DNA,1000,606345,true,0.8317397466013126,0.9632575633364496,0.897498654968881,0.9632575633364496,2525,4214707,7033625
1258000,0.0020747264346205542,0.25952571276312286,0.0016063462220353099,0.0006463239083687287,4.66735112936345,2.0,13.804896825077718,signatures/24cb2f7055942e2ac04d51117f90e805.sig.gz,"GCA_902363135.1 Lachnospiraceae bacterium, MGYG-HGUT-00092",24cb2f7055942e2ac04d51117f90e805,0.33519850786037836,974000,90,427791000,/nfs3_ib/nfs-ip34/home/def-ilafores/analysis/MethodsComparison/PD/preproc/SRR19064665/SRR19064665_unmatched_2.fastq,SRR19064665,caaf731be22e1a9235dbbb67908ed041,606345000,31,DNA,1000,606345,true,0.8193139505285026,0.9653552521484124,0.8923346013384575,0.9653552521484124,4546,4219253,7033625
1067000,0.001759724249395971,0.23602333495381625,0.001601398543733353,0.0005678437505553679,4.1132852729145215,2.0,11.104018006132485,signatures/4edd699389284f85ac20f9344f953c5f.sig.gz,"GCF_000949455.1 Ruthenibacterium lactatiformans strain=585-1, ASM94945v1",4edd699389284f85ac20f9344f953c5f,0.25935828877005346,971000,91,426820000,/nfs3_ib/nfs-ip34/home/def-ilafores/analysis/MethodsComparison/PD/preproc/SRR19064665/SRR19064665_unmatched_2.fastq,SRR19064665,caaf731be22e1a9235dbbb67908ed041,606345000,31,DNA,1000,606345,true,0.814973288925588,0.9574002854851236,0.8861867872053557,0.9574002854851236,3994,4223247,7033625
1105000,0.001822394841220757,0.2828696925329429,0.0015931524132300919,0.0004343421777532922,3.1625258799171845,2.0,7.553089083053049,signatures/e1b93142127dc8be3011c5319cf2e44d.sig.gz,"GCF_014287895.1 Lawsonibacter sp. NSJ-51 strain=NSJ-51, ASM1428789v1",e1b93142127dc8be3011c5319cf2e44d,0.3235724743777452,966000,92,425854000,/nfs3_ib/nfs-ip34/home/def-ilafores/analysis/MethodsComparison/PD/preproc/SRR19064665/SRR19064665_unmatched_2.fastq,SRR19064665,caaf731be22e1a9235dbbb67908ed041,606345000,31,DNA,1000,606345,true,0.8158937913123535,0.9642566247516717,0.8900752080320127,0.9642566247516717,3055,4226302,7033625
1023000,0.001687158300967271,0.2763395544852498,0.0015139895603987828,0.00032074499280243117,2.457516339869281,2.0,3.0306788531177578,signatures/ac6ff4cab85d8673ba368b5f66dcfee5.sig.gz,"GCF_018408705.1 Oscillibacter sp. MM59 strain=MM59, ASM1840870v1",ac6ff4cab85d8673ba368b5f66dcfee5,0.3079470198675497,918000,93,424936000,/nfs3_ib/nfs-ip34/home/def-ilafores/analysis/MethodsComparison/PD/preproc/SRR19064665/SRR19064665_unmatched_2.fastq,SRR19064665,caaf731be22e1a9235dbbb67908ed041,606345000,31,DNA,1000,606345,true,0.8138669522899828,0.9627182971855788,0.8882926247377808,0.9627182971855788,2256,4228558,7033625
1581000,0.0026074264651312373,0.24826989619377163,0.0014199836726616036,0.0007356093053013205,6.009291521486643,2.0,11.346098178011385,signatures/05df2d9cef43af2f34e1eb0c217ff27b.sig.gz,"GCF_020687435.1 Blautia sp. CLA-AA-H217 strain=CLA-AA-H217, ASM2068743v1",05df2d9cef43af2f34e1eb0c217ff27b,0.45588235294117646,861000,94,424075000,/nfs3_ib/nfs-ip34/home/def-ilafores/analysis/MethodsComparison/PD/preproc/SRR19064665/SRR19064665_unmatched_2.fastq,SRR19064665,caaf731be22e1a9235dbbb67908ed041,606345000,31,DNA,1000,606345,true,0.8253763150553394,0.9749789762960703,0.9001776456757049,0.9749789762960703,5174,4233732,7033625
1364000,0.0022495444012896946,0.24049217002237136,0.0014183344465609512,0.0004155751834935755,3.3988372093023256,2.0,5.8480963745527745,signatures/d34078f9298900e7191ac0e462f50070.sig.gz,"GCA_900066355.1 uncultured Ruminococcus sp., 13414_6#66",d34078f9298900e7191ac0e462f50070,0.3814317673378076,860000,95,423215000,/nfs3_ib/nfs-ip34/home/def-ilafores/analysis/MethodsComparison/PD/preproc/SRR19064665/SRR19064665_unmatched_2.fastq,SRR19064665,caaf731be22e1a9235dbbb67908ed041,606345000,31,DNA,1000,606345,true,0.8214548456402188,0.9693872829565638,0.8954210642983913,0.9693872829565638,2923,4236655,7033625
994000,0.0016393307440483553,0.25156669650850494,0.0013902976028498627,0.00033041283833016406,2.756820877817319,2.0,4.093965741458172,signatures/fc9dd651768c64db338b7a7b51da8c0f.sig.gz,"GCF_001517625.2 Clostridium sp. AT4 strain=AT5, Clostridium bouchedurhonense",fc9dd651768c64db338b7a7b51da8c0f,0.29662787227693227,843000,96,422372000,/nfs3_ib/nfs-ip34/home/def-ilafores/analysis/MethodsComparison/PD/preproc/SRR19064665/SRR19064665_unmatched_2.fastq,SRR19064665,caaf731be22e1a9235dbbb67908ed041,606345000,31,DNA,1000,606345,true,0.8131123079481635,0.9615559935429261,0.8873341507455448,0.9615559935429261,2324,4238979,7033625
1486000,0.0024507499855692715,0.2990353697749196,0.0013804022462459492,0.0009100570473973236,7.647550776583035,4.0,12.108086867770705,signatures/1a6ea346590b713f033b7fae8ab21643.sig.gz,"GCF_023347535.1 Faecalibacterium sp. HTFF strain=HTFF, ASM2334753v1",1a6ea346590b713f033b7fae8ab21643,0.5309038942479457,837000,97,421535000,/nfs3_ib/nfs-ip34/home/def-ilafores/analysis/MethodsComparison/PD/preproc/SRR19064665/SRR19064665_unmatched_2.fastq,SRR19064665,caaf731be22e1a9235dbbb67908ed041,606345000,31,DNA,1000,606345,true,0.8237280195453586,0.9797822006366643,0.9017551100910115,0.9797822006366643,6401,4245380,7033625
827000,0.0013639099852394265,0.2772511848341232,0.0013507161764342082,0.0002812205654978763,2.415140415140415,2.0,1.7936437286196023,signatures/fb8dc58b1746d11ae1e45c69fca67a6e.sig.gz,"GCF_003268275.1 Ruminococcaceae bacterium strain=ASD2818, ASM326827v1",fb8dc58b1746d11ae1e45c69fca67a6e,0.27995937711577523,819000,98,420716000,/nfs3_ib/nfs-ip34/home/def-ilafores/analysis/MethodsComparison/PD/preproc/SRR19064665/SRR19064665_unmatched_2.fastq,SRR19064665,caaf731be22e1a9235dbbb67908ed041,606345000,31,DNA,1000,606345,true,0.8083021473312698,0.959763778086322,0.8840329627087959,0.959763778086322,1978,4247358,7033625
902000,0.0014876019427883466,0.3001525553012967,0.0012979409412133356,0.00032031847020561944,2.86277001270648,2.0,4.483370255226979,signatures/f688e4f928dd46c9b090e97a39a1952a.sig.gz,GCF_025152405.1 [Ruminococcus] lactaris ATCC 29176 strain=ATCC 29176 ASM2515240v1,f688e4f928dd46c9b090e97a39a1952a,0.34401220442410374,787000,99,419929000,/nfs3_ib/nfs-ip34/home/def-ilafores/analysis/MethodsComparison/PD/preproc/SRR19064665/SRR19064665_unmatched_2.fastq,SRR19064665,caaf731be22e1a9235dbbb67908ed041,606345000,31,DNA,1000,606345,true,0.8105688217465934,0.966163817686074,0.8883663197163336,0.966163817686074,2253,4249611,7033625
1164000,0.001919699181159241,0.25227272727272726,0.0012814486802068129,0.0003240149993779879,2.933075933075933,2.0,4.33870372324444,signatures/1a61bc75384814965146b3c8fd1a27a5.sig.gz,GCF_025150245.1 Dorea formicigenerans strain=ATCC 27755 ASM2515024v1,1a61bc75384814965146b3c8fd1a27a5,0.37792207792207794,777000,100,419152000,/nfs3_ib/nfs-ip34/home/def-ilafores/analysis/MethodsComparison/PD/preproc/SRR19064665/SRR19064665_unmatched_2.fastq,SRR19064665,caaf731be22e1a9235dbbb67908ed041,606345000,31,DNA,1000,606345,true,0.8172639844011536,0.9690982625870224,0.893181123494088,0.9690982625870224,2279,4251890,7033625
1141000,0.001881766980844239,0.18423597678916828,0.0012567102886970288,0.0009353640548081537,8.633858267716535,2.0,66.59909482151792,signatures/0406dc9599017bcdf1976c899edbe0f3.sig.gz,"GCA_003478355.1 Lachnospiraceae bacterium AM48-27BH strain=AM48-27BH, ASM347835v1",0406dc9599017bcdf1976c899edbe0f3,0.2758704061895551,762000,101,418390000,/nfs3_ib/nfs-ip34/home/def-ilafores/analysis/MethodsComparison/PD/preproc/SRR19064665/SRR19064665_unmatched_2.fastq,SRR19064665,caaf731be22e1a9235dbbb67908ed041,606345000,31,DNA,1000,606345,true,0.8167380129223094,0.9593083606633049,0.8880231867928072,0.9593083606633049,6579,4258469,7033625
803000,0.001324328558823772,0.22245762711864406,0.0012121811839794177,0.00024581918996250155,2.3523809523809525,2.0,1.778072537922282,signatures/096843fa27e2a58a7263bd28bcb7a245.sig.gz,"GCF_900199375.1 Gordonibacter urolithinfaciens strain=DSM 27213T, G142160_polished_assembly_ID17483",096843fa27e2a58a7263bd28bcb7a245,0.24303874092009686,735000,102,417655000,/nfs3_ib/nfs-ip34/home/def-ilafores/analysis/MethodsComparison/PD/preproc/SRR19064665/SRR19064665_unmatched_2.fastq,SRR19064665,caaf731be22e1a9235dbbb67908ed041,606345000,31,DNA,1000,606345,true,0.8075346254151101,0.9553952568551373,0.8814649411351236,0.9553952568551373,1729,4260198,7033625
924000,0.0015238849170026965,0.11381733021077284,0.001202285827375504,0.00025378094510298746,2.448559670781893,2.0,5.107395453972304,signatures/77a5975adbf3dbbc2be7beba4b4c4989.sig.gz,"GCF_000233455.1 [Clostridium] citroniae WAL-17108 strain=WAL-17108, Clos_citr_WAL_17108_V1",77a5975adbf3dbbc2be7beba4b4c4989,0.14426229508196722,729000,103,416926000,/nfs3_ib/nfs-ip34/home/def-ilafores/analysis/MethodsComparison/PD/preproc/SRR19064665/SRR19064665_unmatched_2.fastq,SRR19064665,caaf731be22e1a9235dbbb67908ed041,606345000,31,DNA,1000,606345,true,0.8111991545770906,0.9394548178432348,0.8753269862101627,0.9394548178432348,1785,4261983,7033625
888000,0.0014645127773792149,0.28509292210359827,0.0011890920185702858,0.0003507437487781905,3.421636615811373,2.0,10.120482414973104,signatures/e19bad3bb9c36f5f8261070e6ddcffea.sig.gz,"GCA_020555605.1 bacterium 210917-SL.2.15 strain=SL.2.15, ASM2055560v1",e19bad3bb9c36f5f8261070e6ddcffea,0.35112692763938314,721000,104,416205000,/nfs3_ib/nfs-ip34/home/def-ilafores/analysis/MethodsComparison/PD/preproc/SRR19064665/SRR19064665_unmatched_2.fastq,SRR19064665,caaf731be22e1a9235dbbb67908ed041,606345000,31,DNA,1000,606345,true,0.8101599072681788,0.9668020281320666,0.8884809677001226,0.9668020281320666,2467,4264450,7033625
710000,0.001170950531463111,0.22882999353587588,0.0011676520792618065,0.00026359096482965754,2.6186440677966103,2.0,1.9343146855387316,signatures/0577121652a91194533e84a2dee7741c.sig.gz,"GCA_905209085.1 uncultured Clostridiales bacterium, ERR1600743-mag-bin.83",0577121652a91194533e84a2dee7741c,0.22947640594699417,708000,105,415497000,/nfs3_ib/nfs-ip34/home/def-ilafores/analysis/MethodsComparison/PD/preproc/SRR19064665/SRR19064665_unmatched_2.fastq,SRR19064665,caaf731be22e1a9235dbbb67908ed041,606345000,31,DNA,1000,606345,true,0.8043345559943206,0.9536272364878517,0.8789808962410861,0.9536272364878517,1854,4266304,7033625
711000,0.001172599757563763,0.18380630044259308,0.001164353627060502,0.00020458867227069968,2.038243626062323,2.0,1.3704527808352365,signatures/993ede45c6e5bc6c57bf932876eda038.sig.gz,"GCA_018369015.1 Clostridiales bacterium, ASM1836901v1",993ede45c6e5bc6c57bf932876eda038,0.1851080447800052,706000,106,414791000,/nfs3_ib/nfs-ip34/home/def-ilafores/analysis/MethodsComparison/PD/preproc/SRR19064665/SRR19064665_unmatched_2.fastq,SRR19064665,caaf731be22e1a9235dbbb67908ed041,606345000,31,DNA,1000,606345,true,0.8043710751629307,0.947040512950263,0.8757057940565969,0.947040512950263,1439,4267743,7033625
2196000,0.0036217005170323825,0.17269573835480673,0.0011495105921546314,0.0005989799001226252,6.044476327116213,3.0,10.446256613568671,signatures/dd362ff77f4bcc80ca1e3387a9b01f6e.sig.gz,"GCF_013304735.1 Blautia luti strain=MSK.16.34, ASM1330473v1",dd362ff77f4bcc80ca1e3387a9b01f6e,0.5441030723488602,697000,107,414094000,/nfs3_ib/nfs-ip34/home/def-ilafores/analysis/MethodsComparison/PD/preproc/SRR19064665/SRR19064665_unmatched_2.fastq,SRR19064665,caaf731be22e1a9235dbbb67908ed041,606345000,31,DNA,1000,606345,true,0.8341712988050901,0.9805586753460049,0.9073649870755476,0.9805586753460049,4213,4271956,7033625
3653000,0.006024622945682738,0.12629474831909868,0.0011462121399533269,0.002335637740141108,23.637410071942448,21.0,17.63917432846884,signatures/48ac22e23336bd18ad59549f5bb90daa.sig.gz,GCF_958387885.1 uncultured Bacteroides sp. SRR17798034_bin.10_MetaWRAP_v1.3_MAG,48ac22e23336bd18ad59549f5bb90daa,0.663819734690169,695000,108,413399000,/nfs3_ib/nfs-ip34/home/def-ilafores/analysis/MethodsComparison/PD/preproc/SRR19064665/SRR19064665_unmatched_2.fastq,SRR19064665,caaf731be22e1a9235dbbb67908ed041,606345000,31,DNA,1000,606345,true,0.8479784872160134,0.9868693991142626,0.9174239431651381,0.9868693991142626,16428,4288384,7033625
1181000,0.0019477360248703296,0.2125710675931775,0.001109929165738977,0.0005739572411096696,5.99851411589896,2.0,13.264762922307217,signatures/1536305f1db2c6485876fc17c9a7e45f.sig.gz,"GCF_010509575.1 Faecalibacterium prausnitzii A2-165 strain=JCM 31915, ASM1050957v1",1536305f1db2c6485876fc17c9a7e45f,0.3730259001895136,673000,109,412726000,/nfs3_ib/nfs-ip34/home/def-ilafores/analysis/MethodsComparison/PD/preproc/SRR19064665/SRR19064665_unmatched_2.fastq,SRR19064665,caaf731be22e1a9235dbbb67908ed041,606345000,31,DNA,1000,606345,true,0.8176463210349568,0.9686906962999005,0.8931685086674286,0.9686906962999005,4037,4292421,7033625
784000,0.0012929932629113787,0.0901252862723966,0.001103332261336368,0.0002230713181325419,2.3452914798206277,2.0,8.663553338824137,signatures/9e874553e32e3e45ca8f11c1e28ad2c7.sig.gz,"GCF_001881565.1 Eisenbergiella tayi strain=DSM 26961, ASM188156v1",9e874553e32e3e45ca8f11c1e28ad2c7,0.10561767479455746,669000,110,412057000,/nfs3_ib/nfs-ip34/home/def-ilafores/analysis/MethodsComparison/PD/preproc/SRR19064665/SRR19064665_unmatched_2.fastq,SRR19064665,caaf731be22e1a9235dbbb67908ed041,606345000,31,DNA,1000,606345,true,0.8069110928251954,0.9300528594355408,0.8684819761303681,0.9300528594355408,1569,4293990,7033625
921000,0.0015189372387007397,0.1812816188870152,0.0010637508349207135,0.00035515114894524514,3.8728682170542634,2.0,8.29135864665372,signatures/414bbe2ea74e8b8695fa300df29056f9.sig.gz,GCF_020686965.1 Hominiventricola filiformis strain=CLA-AA-H276 ASM2068696v1,414bbe2ea74e8b8695fa300df29056f9,0.2588532883642496,645000,111,411412000,/nfs3_ib/nfs-ip34/home/def-ilafores/analysis/MethodsComparison/PD/preproc/SRR19064665/SRR19064665_unmatched_2.fastq,SRR19064665,caaf731be22e1a9235dbbb67908ed041,606345000,31,DNA,1000,606345,true,0.8111140607064607,0.9573400942915079,0.8842270774989843,0.9573400942915079,2498,4296488,7033625
1207000,0.0019906159034872887,0.1654392425039453,0.0010373632173102771,0.00038202207254438503,4.271860095389507,2.0,9.420617372294677,signatures/a8487ccc34a799adb014d58e14274aaf.sig.gz,GCA_025758065.1 Lachnospiraceae bacterium ASM2575806v1,a8487ccc34a799adb014d58e14274aaf,0.31746449237243557,629000,112,410783000,/nfs3_ib/nfs-ip34/home/def-ilafores/analysis/MethodsComparison/PD/preproc/SRR19064665/SRR19064665_unmatched_2.fastq,SRR19064665,caaf731be22e1a9235dbbb67908ed041,606345000,31,DNA,1000,606345,true,0.8182208904752128,0.9636640334573172,0.890942461966265,0.9636640334573172,2687,4299175,7033625
917000,0.0015123403342981307,0.1767189384800965,0.0009664464949822296,0.0002837797010787467,3.4061433447098977,2.0,10.51630765831978,signatures/fc95d81881dbf484815547131bbb9759.sig.gz,"GCA_003480725.1 Clostridiaceae bacterium AM27-36LB strain=AM27-36LB, ASM348072v1",fc95d81881dbf484815547131bbb9759,0.2765379975874548,586000,113,410197000,/nfs3_ib/nfs-ip34/home/def-ilafores/analysis/MethodsComparison/PD/preproc/SRR19064665/SRR19064665_unmatched_2.fastq,SRR19064665,caaf731be22e1a9235dbbb67908ed041,606345000,31,DNA,1000,606345,true,0.8110001839959462,0.9593831593768712,0.8851916716864088,0.9593831593768712,1996,4301171,7033625
786000,0.0012962917151126835,0.1599886331344132,0.0009285142946672274,0.00025235920311361497,3.152753108348135,2.0,4.91144732237871,signatures/7eaae742c69417c8e76f081fe338897d.sig.gz,GCF_025146135.1 Anaerotruncus colihominis strain=DSM 17241 ASM2514613v1,7eaae742c69417c8e76f081fe338897d,0.22335890878090367,563000,114,409634000,/nfs3_ib/nfs-ip34/home/def-ilafores/analysis/MethodsComparison/PD/preproc/SRR19064665/SRR19064665_unmatched_2.fastq,SRR19064665,caaf731be22e1a9235dbbb67908ed041,606345000,31,DNA,1000,606345,true,0.8069774125037414,0.952796396095527,0.8798869042996342,0.952796396095527,1775,4302946,7033625
571000,0.0009417081034724455,0.2620755619320899,0.0009037759031574434,0.00022207609873998115,2.8503649635036497,2.0,2.58000803732102,signatures/e58623ed5f51355298bb790ee7073caa.sig.gz,"GCF_016648925.1 Streptococcus parasanguinis strain=1.1, ASM1664892v1",e58623ed5f51355298bb790ee7073caa,0.2730750836920134,548000,115,409086000,/nfs3_ib/nfs-ip34/home/def-ilafores/analysis/MethodsComparison/PD/preproc/SRR19064665/SRR19064665_unmatched_2.fastq,SRR19064665,caaf731be22e1a9235dbbb67908ed041,606345000,31,DNA,1000,606345,true,0.7987013105000529,0.9589932510546599,0.8788472807773564,0.9589932510546599,1562,4304508,7033625
512000,0.0008444037635339617,0.19984356667970277,0.0008427545374333095,0.00017359469690237964,2.3894324853228963,2.0,1.7813465604250203,signatures/4df267dc673d931867c706e73afea9c2.sig.gz,"GCF_000940845.1 Propionibacterium freudenreichii subsp. freudenreichii strain=20271T, ASM94084v1",4df267dc673d931867c706e73afea9c2,0.20023464998044582,511000,116,408575000,/nfs3_ib/nfs-ip34/home/def-ilafores/analysis/MethodsComparison/PD/preproc/SRR19064665/SRR19064665_unmatched_2.fastq,SRR19064665,caaf731be22e1a9235dbbb67908ed041,606345000,31,DNA,1000,606345,true,0.7958962469380704,0.9494432418230375,0.872669744380554,0.9494432418230375,1221,4305729,7033625
559000,0.0009219173902646183,0.1286082474226804,0.0008229638242254822,0.00015937727700865485,2.246492985971944,2.0,2.8610722105250286,signatures/d5aef74860ab7c1cca263aa607c62d70.sig.gz,"GCF_014337215.1 Wansuia hejianensis strain=NSJ-29, ASM1433721v1",d5aef74860ab7c1cca263aa607c62d70,0.1440721649484536,499000,117,408076000,/nfs3_ib/nfs-ip34/home/def-ilafores/analysis/MethodsComparison/PD/preproc/SRR19064665/SRR19064665_unmatched_2.fastq,SRR19064665,caaf731be22e1a9235dbbb67908ed041,606345000,31,DNA,1000,606345,true,0.7981542654946121,0.9394148519588061,0.8687845587267091,0.9394148519588061,1121,4306850,7033625
524000,0.0008641944767417889,0.10538691748610517,0.0008130684676215685,0.00013805114716806767,1.9695740365111563,2.0,1.4174682531102378,signatures/1d173544271fef8a51c6d94810f03490.sig.gz,"GCF_000466485.1 [Clostridium] symbiosum ATCC 14940 strain=ATCC 14940, ASM46648v1",1d173544271fef8a51c6d94810f03490,0.11201368106028217,493000,118,407583000,/nfs3_ib/nfs-ip34/home/def-ilafores/analysis/MethodsComparison/PD/preproc/SRR19064665/SRR19064665_unmatched_2.fastq,SRR19064665,caaf731be22e1a9235dbbb67908ed041,606345000,31,DNA,1000,606345,true,0.7964912620042299,0.9318184920478437,0.8641548770260368,0.9318184920478437,971,4307821,7033625
515000,0.0008493514418359185,0.16700819672131148,0.0008064715632189595,0.00014715029590005153,2.1165644171779143,2.0,1.541754125560472,signatures/6f95f9ed59a6de6f6709fef37c8010e7.sig.gz,GCF_004340125.1 Harryflintia acetispora strain=DSM 100433 ASM434012v1,6f95f9ed59a6de6f6709fef37c8010e7,0.1758879781420765,489000,119,407094000,/nfs3_ib/nfs-ip34/home/def-ilafores/analysis/MethodsComparison/PD/preproc/SRR19064665/SRR19064665_unmatched_2.fastq,SRR19064665,caaf731be22e1a9235dbbb67908ed041,606345000,31,DNA,1000,606345,true,0.7960462560808612,0.9454809420528077,0.8707635990668345,0.9454809420528077,1035,4308856,7033625
480000,0.0007916285283130891,0.20670147954743254,0.0007833823978098277,0.00016335815457889778,2.4189473684210525,2.0,2.8245649776592883,signatures/abf22064a79abd2d037eeb2bae4fa9e9.sig.gz,"GCA_900557165.1 uncultured Clostridium sp., UMGS2014",abf22064a79abd2d037eeb2bae4fa9e9,0.20887728459530025,475000,120,406619000,/nfs3_ib/nfs-ip34/home/def-ilafores/analysis/MethodsComparison/PD/preproc/SRR19064665/SRR19064665_unmatched_2.fastq,SRR19064665,caaf731be22e1a9235dbbb67908ed041,606345000,31,DNA,1000,606345,true,0.7942410038815105,0.9507383378309845,0.8724896708562475,0.9507383378309845,1149,4310005,7033625
1173000,0.0019345422160651114,0.21300961978928082,0.000766890136803305,0.00035842115552080185,5.421505376344086,4.0,5.234990822975504,signatures/dbd15eddd1d077ef23fe41235986f0cd.sig.gz,"GCF_000785515.1 Streptococcus salivarius strain=NCTC 8618, ASM78551v1",dbd15eddd1d077ef23fe41235986f0cd,0.5373339441136051,465000,121,406154000,/nfs3_ib/nfs-ip34/home/def-ilafores/analysis/MethodsComparison/PD/preproc/SRR19064665/SRR19064665_unmatched_2.fastq,SRR19064665,caaf731be22e1a9235dbbb67908ed041,606345000,31,DNA,1000,606345,true,0.8174670659933813,0.9801627699858111,0.8988149179895961,0.9801627699858111,2521,4312526,7033625
530000,0.0008740898333457025,0.08406272793581328,0.000760293232400696,0.00013705592777550694,2.0911062906724514,2.0,4.281872584806801,signatures/71376661ad64839b457f6ba38d3bc105.sig.gz,"GCF_019042245.1 Diplocloster modestus strain=ASD4241, ASM1904224v1",71376661ad64839b457f6ba38d3bc105,0.09664478482859226,461000,122,405693000,/nfs3_ib/nfs-ip34/home/def-ilafores/analysis/MethodsComparison/PD/preproc/SRR19064665/SRR19064665_unmatched_2.fastq,SRR19064665,caaf731be22e1a9235dbbb67908ed041,606345000,31,DNA,1000,606345,true,0.7967838418469189,0.9273930141205164,0.8620884279837177,0.9273930141205164,964,4313490,7033625
2605000,0.0042962339921991605,0.09676035185582493,0.0007438009713941733,0.0009615241074126073,14.995565410199557,7.0,24.39739322753429,signatures/c7357052beed930961bb4cc339dd0845.sig.gz,GCA_948436425.1 uncultured Bacteroides sp. SRR17684645_bin.52_metawrap_v1.3_MAG,c7357052beed930961bb4cc339dd0845,0.5588929414288779,451000,123,405242000,/nfs3_ib/nfs-ip34/home/def-ilafores/analysis/MethodsComparison/PD/preproc/SRR19064665/SRR19064665_unmatched_2.fastq,SRR19064665,caaf731be22e1a9235dbbb67908ed041,606345000,31,DNA,1000,606345,true,0.8387798669523225,0.981407359670646,0.9100936133114843,0.981407359670646,6763,4320253,7033625
848000,0.001398543733353124,0.13343328335832083,0.0007339056147902597,0.0003180436830226235,5.026966292134832,2.0,12.910902665985404,signatures/853f171c0393206ce274892b71b6f556.sig.gz,"GCF_900209925.1 Anaerobutyricum hallii, EH1",853f171c0393206ce274892b71b6f556,0.2542728635682159,445000,124,404797000,/nfs3_ib/nfs-ip34/home/def-ilafores/analysis/MethodsComparison/PD/preproc/SRR19064665/SRR19064665_unmatched_2.fastq,SRR19064665,caaf731be22e1a9235dbbb67908ed041,606345000,31,DNA,1000,606345,true,0.8089562485172359,0.956788902628848,0.882872575573042,0.956788902628848,2237,4322490,7033625
1565000,0.002581038847520801,0.09570356899295294,0.0006943241883746053,0.0023910856777266346,39.94774346793349,38.0,31.8615938826323,signatures/6bae471e5a4f273d83204d975d3e2077.sig.gz,"GCA_019417795.1 Clostridiales bacterium, ASM1941779v1",6bae471e5a4f273d83204d975d3e2077,0.35576267333484884,421000,125,404376000,/nfs3_ib/nfs-ip34/home/def-ilafores/analysis/MethodsComparison/PD/preproc/SRR19064665/SRR19064665_unmatched_2.fastq,SRR19064665,caaf731be22e1a9235dbbb67908ed041,606345000,31,DNA,1000,606345,true,0.8251055366262308,0.9672111681591942,0.8961583523927125,0.9672111681591942,16818,4339308,7033625
513000,0.000846052989634614,0.0911062906724512,0.0006926749622739529,0.00016563294176189376,2.7738095238095237,2.0,6.090490617652969,signatures/73636d352ef5bf1c92887ac5c9e713c2.sig.gz,"GCF_012317185.1 [Clostridium] innocuum strain=ATCC 14501, ASM1231718v1",73636d352ef5bf1c92887ac5c9e713c2,0.11127982646420824,420000,126,403956000,/nfs3_ib/nfs-ip34/home/def-ilafores/analysis/MethodsComparison/PD/preproc/SRR19064665/SRR19064665_unmatched_2.fastq,SRR19064665,caaf731be22e1a9235dbbb67908ed041,606345000,31,DNA,1000,606345,true,0.7959463442817601,0.931620936572217,0.8637836404269885,0.931620936572217,1165,4340473,7033625
2859000,0.004715137421764837,0.07381370826010544,0.0006926749622739529,0.0013219357017185307,22.13809523809524,17.0,17.96782776150529,signatures/a94161bf1ccd67b3c66d45adbcfe7953.sig.gz,"GCA_019117555.1 Candidatus Bacteroides intestinigallinarum, ASM1911755v1",a94161bf1ccd67b3c66d45adbcfe7953,0.5024604569420035,420000,127,403536000,/nfs3_ib/nfs-ip34/home/def-ilafores/analysis/MethodsComparison/PD/preproc/SRR19064665/SRR19064665_unmatched_2.fastq,SRR19064665,caaf731be22e1a9235dbbb67908ed041,606345000,31,DNA,1000,606345,true,0.8413010497129274,0.9780433971122386,0.909672223412583,0.9780433971122386,9298,4349771,7033625
423000,0.0006976226405759098,0.17789072426937738,0.0006926749622739529,0.00014956725728198475,2.5047619047619047,2.0,1.8315947229190588,signatures/fb153b15e56773c1525b85dbd37035e5.sig.gz,"GCF_000278725.1 Actinomyces sp. ICM47 strain=ICM47, AspICM47v1.0",fb153b15e56773c1525b85dbd37035e5,0.17916137229987295,420000,128,403116000,/nfs3_ib/nfs-ip34/home/def-ilafores/analysis/MethodsComparison/PD/preproc/SRR19064665/SRR19064665_unmatched_2.fastq,SRR19064665,caaf731be22e1a9235dbbb67908ed041,606345000,31,DNA,1000,606345,true,0.7910087882299517,0.9460435063136065,0.8685261472717791,0.9460435063136065,1052,4350823,7033625
501000,0.0008262622764267868,0.07923237697130914,0.0006877272839719962,0.00017928166485986955,3.0239808153477217,2.0,4.99538400639376,signatures/b9d758e1ad0a5911eeaa11de34742296.sig.gz,"GCA_000509105.1 Clostridiales bacterium VE202-21 strain=VE202-21, ASM50910v1",b9d758e1ad0a5911eeaa11de34742296,0.09519285578567357,417000,129,402699000,/nfs3_ib/nfs-ip34/home/def-ilafores/analysis/MethodsComparison/PD/preproc/SRR19064665/SRR19064665_unmatched_2.fastq,SRR19064665,caaf731be22e1a9235dbbb67908ed041,606345000,31,DNA,1000,606345,true,0.7953388392618845,0.9269402771570426,0.8611395582094636,0.9269402771570426,1261,4352084,7033625
869000,0.0014331774814668216,0.11232577206887127,0.0006778319273680825,0.00031747498622687446,5.4330900243309,2.0,23.947169650031075,signatures/cc3f4e6331ad6004e2e014363ff7b343.sig.gz,GCF_025567165.1 Laedolimicola ammoniilytica strain=Sanger_04 ASM2556716v1,cc3f4e6331ad6004e2e014363ff7b343,0.2374965837660563,411000,130,402288000,/nfs3_ib/nfs-ip34/home/def-ilafores/analysis/MethodsComparison/PD/preproc/SRR19064665/SRR19064665_unmatched_2.fastq,SRR19064665,caaf731be22e1a9235dbbb67908ed041,606345000,31,DNA,1000,606345,true,0.8095948579906338,0.954684595687734,0.882139726839184,0.954684595687734,2233,4354317,7033625
513000,0.000846052989634614,0.13187520102926986,0.0006761827012674303,0.00016776555474595247,2.8780487804878048,2.0,5.070695925447726,signatures/bafee8fd5a387e3c252fc6d1efff5980.sig.gz,"GCA_018223385.1 Oscillospiraceae bacterium Marseille-Q3528 strain=Marseille-Q3528, ASM1822338v1",bafee8fd5a387e3c252fc6d1efff5980,0.16500482470247668,410000,131,401878000,/nfs3_ib/nfs-ip34/home/def-ilafores/analysis/MethodsComparison/PD/preproc/SRR19064665/SRR19064665_unmatched_2.fastq,SRR19064665,caaf731be22e1a9235dbbb67908ed041,606345000,31,DNA,1000,606345,true,0.7959463442817601,0.9435348728455105,0.8697406085636353,0.9435348728455105,1180,4355497,7033625
610000,0.001006027921397884,0.12249240121580547,0.0006646381185628643,0.0003184702056194352,5.558312655086849,2.0,23.116995544597632,signatures/adb0ed78ca86ef0f7a6de3e9b273ca7a.sig.gz,"GCA_902363045.1 Clostridiales bacterium, MGYG-HGUT-00086",adb0ed78ca86ef0f7a6de3e9b273ca7a,0.18541033434650456,403000,132,401475000,/nfs3_ib/nfs-ip34/home/def-ilafores/analysis/MethodsComparison/PD/preproc/SRR19064665/SRR19064665_unmatched_2.fastq,SRR19064665,caaf731be22e1a9235dbbb67908ed041,606345000,31,DNA,1000,606345,true,0.8004053836538233,0.9470903625629222,0.8737478731083728,0.9470903625629222,2240,4357737,7033625
1520000,0.0025068236729914486,0.1012947448591013,0.0006580412141602553,0.0009308144804421617,16.408521303258144,12.0,24.520995608518927,signatures/9b37ff955b2758a3120db28694fa909f.sig.gz,"GCA_019415065.1 Bacteroides sp., ASM1941506v1",9b37ff955b2758a3120db28694fa909f,0.3858847423203859,399000,133,401076000,/nfs3_ib/nfs-ip34/home/def-ilafores/analysis/MethodsComparison/PD/preproc/SRR19064665/SRR19064665_unmatched_2.fastq,SRR19064665,caaf731be22e1a9235dbbb67908ed041,606345000,31,DNA,1000,606345,true,0.8243293581375661,0.9697503004158737,0.8970398292767199,0.9697503004158737,6547,4364284,7033625
399000,0.0006580412141602553,0.12324929971988796,0.0006530935358582985,0.00011445023014448453,2.032828282828283,2.0,1.3949523292271466,signatures/ece36072373c7b77383d2692bfd3aee1.sig.gz,"GCF_014131695.1 Erysipelatoclostridium ramosum DSM 1402 strain=DSM 1402, ASM1413169v1",ece36072373c7b77383d2692bfd3aee1,0.12418300653594772,396000,134,400680000,/nfs3_ib/nfs-ip34/home/def-ilafores/analysis/MethodsComparison/PD/preproc/SRR19064665/SRR19064665_unmatched_2.fastq,SRR19064665,caaf731be22e1a9235dbbb67908ed041,606345000,31,DNA,1000,606345,true,0.7895197583960005,0.9349237643624235,0.862221761379212,0.9349237643624235,805,4365089,7033625
520000,0.0008575975723391798,0.12540400775694893,0.0006398997270530804,0.00017658035508006184,3.2010309278350517,2.0,6.2829173545081405,signatures/41e7c2fe5d9d2dd0e688784a18ca64d6.sig.gz,"GCF_001244995.1 Intestinimonas massiliensis strain=GD2, Intestinimonas massiliensis",41e7c2fe5d9d2dd0e688784a18ca64d6,0.16806722689075632,388000,135,400292000,/nfs3_ib/nfs-ip34/home/def-ilafores/analysis/MethodsComparison/PD/preproc/SRR19064665/SRR19064665_unmatched_2.fastq,SRR19064665,caaf731be22e1a9235dbbb67908ed041,606345000,31,DNA,1000,606345,true,0.7962944021043448,0.9440947481993728,0.8701945751518587,0.9440947481993728,1242,4366331,7033625
425000,0.0007009210927772143,0.06578276389597144,0.0006382505009524281,0.00010933195898274361,1.9870801033591732,2.0,1.709477609220381,signatures/6f179ba2eb966238db6b6863c042d7ec.sig.gz,"GCF_002899675.1 Clostridium sp. chh4-2 strain=chh4-2, ASM289967v1",6f179ba2eb966238db6b6863c042d7ec,0.07224205337412884,387000,136,399905000,/nfs3_ib/nfs-ip34/home/def-ilafores/analysis/MethodsComparison/PD/preproc/SRR19064665/SRR19064665_unmatched_2.fastq,SRR19064665,caaf731be22e1a9235dbbb67908ed041,606345000,31,DNA,1000,606345,true,0.791129158047113,0.9187276282999344,0.8549283931735236,0.9187276282999344,769,4367100,7033625
554000,0.000913671259761357,0.14850345356868763,0.0006382505009524281,0.00042225737084362615,7.674418604651163,2.0,17.75769853387873,signatures/d3662e3e25bc6f3df72d2f3b05edc233.sig.gz,GCF_029218125.1 Neopoerus faecalis strain=CMD_1836 ASM2921812v1,d3662e3e25bc6f3df72d2f3b05edc233,0.21258633921719108,387000,137,399518000,/nfs3_ib/nfs-ip34/home/def-ilafores/analysis/MethodsComparison/PD/preproc/SRR19064665/SRR19064665_unmatched_2.fastq,SRR19064665,caaf731be22e1a9235dbbb67908ed041,606345000,31,DNA,1000,606345,true,0.7979229685117486,0.9512783044983345,0.8746006365050416,0.9512783044983345,2970,4370070,7033625
478000,0.0007883300761117846,0.09493346980552712,0.0006118628833419918,0.0002225026213367929,4.218328840970351,2.0,23.108983292164222,signatures/7e6d64aeed16ed31733900b0e7434256.sig.gz,"GCA_003112755.1 Lawsonibacter asaccharolyticus strain=3BBH22, ASM311275v1",7e6d64aeed16ed31733900b0e7434256,0.12231320368474924,371000,138,399147000,/nfs3_ib/nfs-ip34/home/def-ilafores/analysis/MethodsComparison/PD/preproc/SRR19064665/SRR19064665_unmatched_2.fastq,SRR19064665,caaf731be22e1a9235dbbb67908ed041,606345000,31,DNA,1000,606345,true,0.7941340352409065,0.9344663264722924,0.8643001808565995,0.9344663264722924,1565,4371635,7033625
2085000,0.0034386364198599807,0.0767762460233298,0.0005970198484361213,0.0020633741491762783,40.091160220994475,42.0,31.730303052493184,signatures/a979b53ddcfd88958a35250270db69a6.sig.gz,"GCA_900759525.1 uncultured Bacteroides sp., ERS608613_38",a979b53ddcfd88958a35250270db69a6,0.44220572640509015,362000,139,398785000,/nfs3_ib/nfs-ip34/home/def-ilafores/analysis/MethodsComparison/PD/preproc/SRR19064665/SRR19064665_unmatched_2.fastq,SRR19064665,caaf731be22e1a9235dbbb67908ed041,606345000,31,DNA,1000,606345,true,0.8327767446900735,0.9740214651446187,0.9033991049173461,0.9740214651446187,14513,4386148,7033625
357000,0.00058877371793286,0.1886892177589852,0.00058877371793286,0.00010492455881568893,2.0672268907563027,2.0,1.5047883931584705,signatures/7bc8cc088bb3ea49063585d0dc018f69.sig.gz,"GCF_001591845.1 Lactobacillus acidophilus DSM 20079 = JCM 1132 = NBRC 13951 = CIP 76.13 strain=NBRC 13951, ASM159184v1",7bc8cc088bb3ea49063585d0dc018f69,0.1886892177589852,357000,140,398428000,/nfs3_ib/nfs-ip34/home/def-ilafores/analysis/MethodsComparison/PD/preproc/SRR19064665/SRR19064665_unmatched_2.fastq,SRR19064665,caaf731be22e1a9235dbbb67908ed041,606345000,31,DNA,1000,606345,true,0.7866920974820275,0.9476260758589458,0.8671590866704866,0.9476260758589458,738,4386886,7033625
402000,0.0006629888924622121,0.07282051282051281,0.0005854752657315555,0.00014132115374362438,2.8,1.0,18.23159307124566,signatures/5feebdfe795727335c87e462e7a7cc14.sig.gz,"GCF_000012845.1 Parabacteroides distasonis ATCC 8503 strain=ATCC 8503, ASM1284v1",5feebdfe795727335c87e462e7a7cc14,0.08246153846153846,355000,141,398073000,/nfs3_ib/nfs-ip34/home/def-ilafores/analysis/MethodsComparison/PD/preproc/SRR19064665/SRR19064665_unmatched_2.fastq,SRR19064665,caaf731be22e1a9235dbbb67908ed041,606345000,31,DNA,1000,606345,true,0.7897105567156405,0.9226571865677741,0.8561838716417073,0.9226571865677741,994,4387880,7033625
358000,0.0005904229440335122,0.20124716553287983,0.0005854752657315555,0.00013392809539888748,2.6535211267605634,2.0,1.8388476938297411,signatures/d96df40e1609cbb620cc96b9a8f038a3.sig.gz,"GCA_000435675.1 Eggerthella sp. CAG:298, MGS298",d96df40e1609cbb620cc96b9a8f038a3,0.20294784580498867,355000,142,397718000,/nfs3_ib/nfs-ip34/home/def-ilafores/analysis/MethodsComparison/PD/preproc/SRR19064665/SRR19064665_unmatched_2.fastq,SRR19064665,caaf731be22e1a9235dbbb67908ed041,606345000,31,DNA,1000,606345,true,0.7867630858063298,0.9498555458887602,0.868309315847545,0.9498555458887602,942,4388822,7033625
1871000,0.003085702034320395,0.0975883342680875,0.0005739306830269896,0.0016522063658497574,33.39367816091954,27.0,28.65696170718773,signatures/c904d12975db86fd08a8995198b6cca6.sig.gz,"GCF_013300825.1 Blautia wexlerae strain=MSK.20.46, ASM1330082v1",c904d12975db86fd08a8995198b6cca6,0.5246775098149187,348000,143,397370000,/nfs3_ib/nfs-ip34/home/def-ilafores/analysis/MethodsComparison/PD/preproc/SRR19064665/SRR19064665_unmatched_2.fastq,SRR19064665,caaf731be22e1a9235dbbb67908ed041,606345000,31,DNA,1000,606345,true,0.8298725871155199,0.9794094104673864,0.9046409987914532,0.9794094104673864,11621,4400443,7033625
493000,0.0008130684676215685,0.11876731301939059,0.0005656845525237283,0.00013293287600632674,2.7259475218658893,2.0,4.053663018674117,signatures/f264b62f2a1798cf106db911e66dcf25.sig.gz,GCF_025150745.1 Eubacterium ventriosum strain=ATCC 27560 ASM2515074v1,f264b62f2a1798cf106db911e66dcf25,0.17070637119113574,343000,144,397027000,/nfs3_ib/nfs-ip34/home/def-ilafores/analysis/MethodsComparison/PD/preproc/SRR19064665/SRR19064665_unmatched_2.fastq,SRR19064665,caaf731be22e1a9235dbbb67908ed041,606345000,31,DNA,1000,606345,true,0.7949259622310425,0.9445693784277607,0.8697476703294016,0.9445693784277607,935,4401378,7033625
903000,0.0014892511688889987,0.12063377745768815,0.00055249074371851,0.0016530594110433809,34.70746268656716,33.0,18.72848667044472,signatures/0a3c4c5b5d699368003a2d33414561bc.sig.gz,"GCA_905200945.1 uncultured Akkermansia sp., ERR414247-mag-bin.14",0a3c4c5b5d699368003a2d33414561bc,0.32517104789341017,335000,145,396692000,/nfs3_ib/nfs-ip34/home/def-ilafores/analysis/MethodsComparison/PD/preproc/SRR19064665/SRR19064665_unmatched_2.fastq,SRR19064665,caaf731be22e1a9235dbbb67908ed041,606345000,31,DNA,1000,606345,true,0.8105977944350371,0.9644099296080584,0.8875038620215477,0.9644099296080584,11627,4413005,7033625
2114000,0.0034864639767788965,0.11059137988640161,0.000545893839315901,0.002728038529207912,57.96978851963746,9.0,118.25743460574606,signatures/2bdcf0afcec6237c34322e5ef95e16d9.sig.gz,GCA_958432865.1 Bacteroides stercoris SRR17798025_bin.17_MetaWRAP_v1.3_MAG,2bdcf0afcec6237c34322e5ef95e16d9,0.7063147343802205,331000,146,396361000,/nfs3_ib/nfs-ip34/home/def-ilafores/analysis/MethodsComparison/PD/preproc/SRR19064665/SRR19064665_unmatched_2.fastq,SRR19064665,caaf731be22e1a9235dbbb67908ed041,606345000,31,DNA,1000,606345,true,0.8331478974374802,0.9888467177320598,0.9109973075847699,0.9888467177320598,19188,4432193,7033625
2567000,0.004233563400374374,0.09103602345713488,0.0005376477088126397,0.0007421493184524338,16.012269938650306,11.0,17.998121145998233,signatures/300d2de3c2c21f7c37b9a66b2c49f0e7.sig.gz,"GCA_900755095.1 uncultured Bacteroides sp., ERS473029_19",300d2de3c2c21f7c37b9a66b2c49f0e7,0.716838871823513,326000,147,396035000,/nfs3_ib/nfs-ip34/home/def-ilafores/analysis/MethodsComparison/PD/preproc/SRR19064665/SRR19064665_unmatched_2.fastq,SRR19064665,caaf731be22e1a9235dbbb67908ed041,606345000,31,DNA,1000,606345,true,0.8383823585933288,0.9893186107307391,0.9138504846620339,0.9893186107307391,5220,4437413,7033625
427000,0.0007042195449785189,0.10656010656010656,0.0005277523522087261,0.00014032593435106365,3.084375,1.5,7.592496681551796,signatures/191c09c142a47f535bbf4dfad956a69b.sig.gz,"GCF_014287775.1 Eubacterium sp. BX4 strain=BX4, ASM1428777v1",191c09c142a47f535bbf4dfad956a69b,0.14219114219114218,320000,148,395715000,/nfs3_ib/nfs-ip34/home/def-ilafores/analysis/MethodsComparison/PD/preproc/SRR19064665/SRR19064665_unmatched_2.fastq,SRR19064665,caaf731be22e1a9235dbbb67908ed041,606345000,31,DNA,1000,606345,true,0.7912489809338663,0.9390166821869929,0.8651328315604296,0.9390166821869929,987,4438400,7033625
343000,0.0005656845525237283,0.11896745230078563,0.0005244539000074215,0.00011843110771472747,2.619496855345912,2.0,6.241209949491999,signatures/1cacc0dd6759534d77b511c88ccc971c.sig.gz,"GCA_000432915.1 Firmicutes bacterium CAG:194, MGS194",1cacc0dd6759534d77b511c88ccc971c,0.12832023943135054,318000,149,395397000,/nfs3_ib/nfs-ip34/home/def-ilafores/analysis/MethodsComparison/PD/preproc/SRR19064665/SRR19064665_unmatched_2.fastq,SRR19064665,caaf731be22e1a9235dbbb67908ed041,606345000,31,DNA,1000,606345,true,0.7856775303148237,0.9359126725163794,0.8607951014156016,0.9359126725163794,833,4439233,7033625
320000,0.0005277523522087261,0.10773480662983426,0.0005145585434035079,0.00012582416605946435,2.8365384615384617,2.0,6.688744722776423,signatures/68febb7358a4837cbde8eb55523b5d94.sig.gz,"GCF_900106845.1 Romboutsia timonensis strain=Marseille-P326, PRJEB14233",68febb7358a4837cbde8eb55523b5d94,0.11049723756906077,312000,150,395085000,/nfs3_ib/nfs-ip34/home/def-ilafores/analysis/MethodsComparison/PD/preproc/SRR19064665/SRR19064665_unmatched_2.fastq,SRR19064665,caaf731be22e1a9235dbbb67908ed041,606345000,31,DNA,1000,606345,true,0.7839203547895559,0.9314088676834205,0.8576646112364882,0.9314088676834205,885,4440118,7033625
580000,0.000956551138378316,0.10939148786493141,0.0005129093173028556,0.00013506548899038548,3.054662379421222,2.0,6.5346149150952035,signatures/cef03e8f3a9b8afc55b6193ed7a2ab74.sig.gz,"GCF_003574295.1 Mediterraneibacter butyricigenes strain=KCTC 15684, ASM357429v1",cef03e8f3a9b8afc55b6193ed7a2ab74,0.20400984875131903,311000,151,394774000,/nfs3_ib/nfs-ip34/home/def-ilafores/analysis/MethodsComparison/PD/preproc/SRR19064665/SRR19064665_unmatched_2.fastq,SRR19064665,caaf731be22e1a9235dbbb67908ed041,606345000,31,DNA,1000,606345,true,0.7991043413469442,0.9500154795457368,0.8745599104463405,0.9500154795457368,950,4441068,7033625
944000,0.001556869439015742,0.0653138871274572,0.0005096108651015511,0.0024507988412802786,55.786407766990294,13.0,90.32590941882945,signatures/3a64fac11588ca9ed657a3aafee42bb8.sig.gz,GCA_030295565.1 Bacteroides finegoldii DSM 17565 strain=JCM 13345 ASM3029556v1,3a64fac11588ca9ed657a3aafee42bb8,0.19953498203339676,309000,152,394465000,/nfs3_ib/nfs-ip34/home/def-ilafores/analysis/MethodsComparison/PD/preproc/SRR19064665/SRR19064665_unmatched_2.fastq,SRR19064665,caaf731be22e1a9235dbbb67908ed041,606345000,31,DNA,1000,606345,true,0.8117597060776695,0.9493360416683412,0.8805478738730053,0.9493360416683412,17238,4458306,7033625
855000,0.0014100883160576899,0.06550976138828633,0.0004980662823969852,0.000579928557465034,13.506622516556291,4.0,64.27902459200737,signatures/e55bfe44d199f02a0f8c1befd7e6019c.sig.gz,"GCF_014647335.1 Butyricimonas faecihominis strain=JCM 18676, ASM1464733v1",e55bfe44d199f02a0f8c1befd7e6019c,0.18546637744034708,302000,153,394163000,/nfs3_ib/nfs-ip34/home/def-ilafores/analysis/MethodsComparison/PD/preproc/SRR19064665/SRR19064665_unmatched_2.fastq,SRR19064665,caaf731be22e1a9235dbbb67908ed041,606345000,31,DNA,1000,606345,true,0.8091708025884675,0.9470995958083147,0.8781351991983911,0.9470995958083147,4079,4462385,7033625
1279000,0.002109360182734252,0.09420289855072464,0.0004931186040950284,0.0021024720538840216,49.458193979933114,50.0,42.39053293315644,signatures/463a8ff2f26f37a3c67c2a86a64398f8.sig.gz,"GCF_023347235.1 Faecalibacterium sp. I4179 strain=I4179, ASM2334723v1",463a8ff2f26f37a3c67c2a86a64398f8,0.4029615626969124,299000,154,393864000,/nfs3_ib/nfs-ip34/home/def-ilafores/analysis/MethodsComparison/PD/preproc/SRR19064665/SRR19064665_unmatched_2.fastq,SRR19064665,caaf731be22e1a9235dbbb67908ed041,606345000,31,DNA,1000,606345,true,0.8197516170925169,0.9711058457679744,0.8954287314302456,0.9711058457679744,14788,4477173,7033625
322000,0.0005310508044100306,0.10030917210580556,0.0004815740213904625,0.0000902806163251524,2.1746575342465753,2.0,2.611940748133139,signatures/c6bad6b80328a581c7aeb7d96b867f9b.sig.gz,"GCF_000154445.1 Intestinibacter bartlettii DSM 16795 strain=DSM 16795, ASM15444v1",c6bad6b80328a581c7aeb7d96b867f9b,0.11061490896599106,292000,155,393572000,/nfs3_ib/nfs-ip34/home/def-ilafores/analysis/MethodsComparison/PD/preproc/SRR19064665/SRR19064665_unmatched_2.fastq,SRR19064665,caaf731be22e1a9235dbbb67908ed041,606345000,31,DNA,1000,606345,true,0.7840779272294293,0.9314408473900478,0.8577593873097386,0.9314408473900478,635,4477808,7033625
296000,0.0004881709257930716,0.09666666666666666,0.000478275569189158,0.00009184453251346212,2.2275862068965515,1.0,3.16390162362038,signatures/43dc5584efc137485a56b75a6111b7c6.sig.gz,"GCA_905198295.1 uncultured Ruminococcaceae bacterium, ERR1600664-mag-bin.7",43dc5584efc137485a56b75a6111b7c6,0.09866666666666667,290000,156,393282000,/nfs3_ib/nfs-ip34/home/def-ilafores/analysis/MethodsComparison/PD/preproc/SRR19064665/SRR19064665_unmatched_2.fastq,SRR19064665,caaf731be22e1a9235dbbb67908ed041,606345000,31,DNA,1000,606345,true,0.7819513594952372,0.9280126274342335,0.8549819934647354,0.9280126274342335,646,4478454,7033625
390000,0.0006431981792543849,0.17119244391971664,0.000478275569189158,0.00015809770921821963,3.8344827586206898,2.0,7.998718684547564,signatures/f8b2ecf80ab69aa23b05f697efd5e8de.sig.gz,"GCA_900546295.1 uncultured Clostridiales bacterium, UMGS870",f8b2ecf80ab69aa23b05f697efd5e8de,0.23022432113341204,290000,157,392992000,/nfs3_ib/nfs-ip34/home/def-ilafores/analysis/MethodsComparison/PD/preproc/SRR19064665/SRR19064665_unmatched_2.fastq,SRR19064665,caaf731be22e1a9235dbbb67908ed041,606345000,31,DNA,1000,606345,true,0.7889389192915939,0.953727339532221,0.8713331294119074,0.953727339532221,1112,4479566,7033625
1074000,0.0017712688321005368,0.10662177328843996,0.00047002943868589665,0.001879685084149354,46.38947368421053,50.0,32.58929801847574,signatures/baf0265542e4c5fd56de62f0b42ebc97.sig.gz,"GCA_902786155.1 uncultured Lachnospiraceae bacterium, Rumen uncultured genome RUG13138",baf0265542e4c5fd56de62f0b42ebc97,0.40179573512906847,285000,158,392707000,/nfs3_ib/nfs-ip34/home/def-ilafores/analysis/MethodsComparison/PD/preproc/SRR19064665/SRR19064665_unmatched_2.fastq,SRR19064665,caaf731be22e1a9235dbbb67908ed041,606345000,31,DNA,1000,606345,true,0.8151452144674797,0.9710150879018999,0.8930801511846898,0.9710150879018999,13221,4492787,7033625
667000,0.0011000338091350635,0.07412257726558408,0.0004667309864845921,0.00010577760400931242,2.628975265017668,2.0,2.82470324456975,signatures/b8f06c753f81002527c220d71b808abd.sig.gz,"GCF_003463065.1 Blautia sp. OF03-15BH strain=OF03-15BH, ASM346306v1",b8f06c753f81002527c220d71b808abd,0.1746987951807229,283000,159,392424000,/nfs3_ib/nfs-ip34/home/def-ilafores/analysis/MethodsComparison/PD/preproc/SRR19064665/SRR19064665_unmatched_2.fastq,SRR19064665,caaf731be22e1a9235dbbb67908ed041,606345000,31,DNA,1000,606345,true,0.8027151966818424,0.9452740573508227,0.8739946270163326,0.9452740573508227,744,4493531,7033625
391000,0.0006448474053550371,0.07300025886616619,0.00046508176038393984,0.00012170111429028417,3.0354609929078014,2.0,14.292492374063494,signatures/105b1e5a96baf917fdd4f7216cdfb09b.sig.gz,"GCF_000157995.1 Holdemania filiformis DSM 12042 strain=DSM 12042, ASM15799v1",105b1e5a96baf917fdd4f7216cdfb09b,0.10121667098110276,282000,160,392142000,/nfs3_ib/nfs-ip34/home/def-ilafores/analysis/MethodsComparison/PD/preproc/SRR19064665/SRR19064665_unmatched_2.fastq,SRR19064665,caaf731be22e1a9235dbbb67908ed041,606345000,31,DNA,1000,606345,true,0.7890040939590869,0.9287767953865016,0.8588904446727943,0.9287767953865016,856,4494387,7033625
1905000,0.0031417757217425723,0.04144687264506405,0.00045353717767937393,0.0075898274360660396,194.12363636363636,22.0,1057.4545247842939,signatures/0e5019418175331bfe955e92113bfc1f.sig.gz,"GCF_003464595.1 Bacteroides intestinalis strain=AF14-32, ASM346459v1",0e5019418175331bfe955e92113bfc1f,0.28711379050489827,275000,161,391867000,/nfs3_ib/nfs-ip34/home/def-ilafores/analysis/MethodsComparison/PD/preproc/SRR19064665/SRR19064665_unmatched_2.fastq,SRR19064665,caaf731be22e1a9235dbbb67908ed041,606345000,31,DNA,1000,606345,true,0.830354828573833,0.9605453472289266,0.8954500879013798,0.9605453472289266,53384,4547771,7033625
586000,0.0009664464949822296,0.09133805190428042,0.0004469402732767649,0.00030496365672039665,7.915129151291513,2.0,11.059891962545217,signatures/a6be66ce83fd1772452d8972fe7fcb22.sig.gz,"GCF_009695995.1 Lachnospiraceae bacterium WCA3-601-WT-6H strain=WCA3-601-WT-6H, ASM969599v1",a6be66ce83fd1772452d8972fe7fcb22,0.19750589821368386,271000,162,391596000,/nfs3_ib/nfs-ip34/home/def-ilafores/analysis/MethodsComparison/PD/preproc/SRR19064665/SRR19064665_unmatched_2.fastq,SRR19064665,caaf731be22e1a9235dbbb67908ed041,606345000,31,DNA,1000,606345,true,0.7993696799374852,0.9490230842718083,0.8741963821046468,0.9490230842718083,2145,4549916,7033625
289000,0.0004766263430885057,0.08995956873315364,0.0004403433688741558,0.0000828875579804155,2.183520599250936,2.0,1.8175254719909621,signatures/e71f779bbecc2d73beac3ae637ca18bb.sig.gz,"GCA_904420575.1 uncultured Gordonibacter sp., Coassembly_mag_502",e71f779bbecc2d73beac3ae637ca18bb,0.09737196765498653,267000,163,391329000,/nfs3_ib/nfs-ip34/home/def-ilafores/analysis/MethodsComparison/PD/preproc/SRR19064665/SRR19064665_unmatched_2.fastq,SRR19064665,caaf731be22e1a9235dbbb67908ed041,606345000,31,DNA,1000,606345,true,0.7813479066888164,0.927617294378968,0.8544826005338921,0.927617294378968,583,4550499,7033625
1785000,0.0029438685896643,0.04695002667615152,0.000435395690572199,0.0005401197817626047,14.390151515151516,8.5,15.787511173961283,signatures/b4482d10cb2488078dd11fc3de09368a.sig.gz,"GCF_009193295.2 Bacteroides sp. HF-5141 strain=HF-5141, ASM919329v2",b4482d10cb2488078dd11fc3de09368a,0.31744620309443355,264000,164,391065000,/nfs3_ib/nfs-ip34/home/def-ilafores/analysis/MethodsComparison/PD/preproc/SRR19064665/SRR19064665_unmatched_2.fastq,SRR19064665,caaf731be22e1a9235dbbb67908ed041,606345000,31,DNA,1000,606345,true,0.8286138862155824,0.963662242532037,0.8961380643738097,0.963662242532037,3799,4554298,7033625
1063000,0.001753127344993362,0.11923252626770214,0.00043044801227024216,0.0011762071478078515,31.697318007662837,25.0,25.057564999180247,signatures/c0340cc532c0a9a2b4e1c7e77225d4c1.sig.gz,"GCA_934835795.1 Oscillibacter sp. ER4, MTG222_bin.50.fa",c0340cc532c0a9a2b4e1c7e77225d4c1,0.48560986751941526,261000,165,390804000,/nfs3_ib/nfs-ip34/home/def-ilafores/analysis/MethodsComparison/PD/preproc/SRR19064665/SRR19064665_unmatched_2.fastq,SRR19064665,caaf731be22e1a9235dbbb67908ed041,606345000,31,DNA,1000,606345,true,0.814874555031423,0.9769677820948544,0.8959211685631387,0.9769677820948544,8273,4562571,7033625
272000,0.00044858949937741713,0.03671483338248304,0.00041065729906241495,0.00006994970587712595,1.9759036144578312,2.0,1.3321110185754905,signatures/66f33a40a2f3109dbb0d8031941a2a01.sig.gz,"GCF_003201875.1 Hungatella effluvii strain=DSM 24995, ASM320187v1",66f33a40a2f3109dbb0d8031941a2a01,0.040106163373636095,249000,166,390555000,/nfs3_ib/nfs-ip34/home/def-ilafores/analysis/MethodsComparison/PD/preproc/SRR19064665/SRR19064665_unmatched_2.fastq,SRR19064665,caaf731be22e1a9235dbbb67908ed041,606345000,31,DNA,1000,606345,true,0.779821370126975,0.9014513514322346,0.8406363607796048,0.9014513514322346,492,4563063,7033625
787000,0.0012979409412133356,0.06576504905860514,0.0004090080729617627,0.0011177735520446427,31.701612903225808,29.0,17.545093900552043,signatures/fd614f4c3446e179c3d28955006b19b2.sig.gz,"GCF_000205165.1 Paraprevotella xylaniphila YIT 11841 strain=YIT 11841, ASM20516v1",fd614f4c3446e179c3d28955006b19b2,0.2086979581012994,248000,167,390307000,/nfs3_ib/nfs-ip34/home/def-ilafores/analysis/MethodsComparison/PD/preproc/SRR19064665/SRR19064665_unmatched_2.fastq,SRR19064665,caaf731be22e1a9235dbbb67908ed041,606345000,31,DNA,1000,606345,true,0.8070105111264848,0.9507119967839032,0.878861253955194,0.9507119967839032,7862,4570925,7033625
1264000,0.002084621791224468,0.08801431127012523,0.00040570962076045815,0.0009606710622189838,27.46747967479675,27.0,18.16738342407153,signatures/5229119e2aa175d63f96a9ce9dfd479c.sig.gz,"GCF_000146185.1 [Eubacterium] eligens ATCC 27750 strain=ATCC 27750, ASM14618v1",5229119e2aa175d63f96a9ce9dfd479c,0.4522361359570662,246000,168,390061000,/nfs3_ib/nfs-ip34/home/def-ilafores/analysis/MethodsComparison/PD/preproc/SRR19064665/SRR19064665_unmatched_2.fastq,SRR19064665,caaf731be22e1a9235dbbb67908ed041,606345000,31,DNA,1000,606345,true,0.8194397152892683,0.9747264482435957,0.8970830817664319,0.9747264482435957,6757,4577682,7033625
1992000,0.0032852583924993196,0.04446460980036298,0.0004040603946598059,0.0032250795286925303,92.58775510204082,37.0,102.24171765798101,signatures/f906f0ea3324bc6db880a742f3f0b0ba.sig.gz,"GCF_013009555.1 Bacteroides dorei strain=DSM 17855, ASM1300955v1",f906f0ea3324bc6db880a742f3f0b0ba,0.36152450090744104,245000,169,389816000,/nfs3_ib/nfs-ip34/home/def-ilafores/analysis/MethodsComparison/PD/preproc/SRR19064665/SRR19064665_unmatched_2.fastq,SRR19064665,caaf731be22e1a9235dbbb67908ed041,606345000,31,DNA,1000,606345,true,0.8315518609037322,0.9677125616375896,0.899632211270661,0.9677125616375896,22684,4600366,7033625
474000,0.0007817331717091755,0.057532910775231594,0.0003892173597539355,0.00012667721125308784,3.7754237288135593,2.0,8.985180232110245,signatures/d032ebaee27bc1c409ba1a161bba51c6.sig.gz,"GCF_024622975.1 Blautia caecimuris strain=DSM 29492, ASM2462297v1",d032ebaee27bc1c409ba1a161bba51c6,0.11555338859093126,236000,170,389580000,/nfs3_ib/nfs-ip34/home/def-ilafores/analysis/MethodsComparison/PD/preproc/SRR19064665/SRR19064665_unmatched_2.fastq,SRR19064665,caaf731be22e1a9235dbbb67908ed041,606345000,31,DNA,1000,606345,true,0.7939187923345397,0.932754135893971,0.8633364641142554,0.932754135893971,891,4601257,7033625
336000,0.0005541399698191624,0.05922900178708195,0.0003826204553513264,0.00011004282997742984,3.336206896551724,2.0,10.438608677865433,signatures/be4fc7860f3545d44a5ab6dc9f3e4e30.sig.gz,"GCA_900539175.1 uncultured Lachnospiraceae bacterium, UMGS96",be4fc7860f3545d44a5ab6dc9f3e4e30,0.08577993362267042,232000,171,389348000,/nfs3_ib/nfs-ip34/home/def-ilafores/analysis/MethodsComparison/PD/preproc/SRR19064665/SRR19064665_unmatched_2.fastq,SRR19064665,caaf731be22e1a9235dbbb67908ed041,606345000,31,DNA,1000,606345,true,0.7851551198572879,0.9238321826787541,0.854493651268021,0.9238321826787541,774,4602031,7033625
1451000,0.002393027072046442,0.08672699849170437,0.0003793220031500218,0.00032102934120030566,9.817391304347826,8.0,8.2536765022263,signatures/a202d6e19a5a61416204946db31cfb35.sig.gz,"GCA_019411365.1 Roseburia sp., ASM1941136v1",a202d6e19a5a61416204946db31cfb35,0.547134238310709,230000,172,389118000,/nfs3_ib/nfs-ip34/home/def-ilafores/analysis/MethodsComparison/PD/preproc/SRR19064665/SRR19064665_unmatched_2.fastq,SRR19064665,caaf731be22e1a9235dbbb67908ed041,606345000,31,DNA,1000,606345,true,0.8230949231350019,0.9807344160773445,0.9019146696061732,0.9807344160773445,2258,4604289,7033625
260000,0.0004287987861695899,0.05579815623483746,0.0003793220031500218,0.00006426273791963603,1.9652173913043478,2.0,1.2916483219218877,signatures/afa3fceae8a1bcdb26be66e4f0bdb561.sig.gz,GCF_025151995.1 Ruminococcus gauvreauii strain=DSM 19829 ASM2515199v1,afa3fceae8a1bcdb26be66e4f0bdb561,0.06307617661329452,230000,173,388888000,/nfs3_ib/nfs-ip34/home/def-ilafores/analysis/MethodsComparison/PD/preproc/SRR19064665/SRR19064665_unmatched_2.fastq,SRR19064665,caaf731be22e1a9235dbbb67908ed041,606345000,31,DNA,1000,606345,true,0.7786871673659163,0.914715375807781,0.8467012715868486,0.914715375807781,452,4604741,7033625
441000,0.0007273087103876506,0.061142397425583264,0.00037602355094871733,0.002449377099290906,75.56140350877193,1.0,133.73770053877323,signatures/f22e85c6befcb1bccc2db3184aa9ec05.sig.gz,GCF_025145285.1 Alistipes onderdonkii strain=DSM 19147 ASM2514528v1,f22e85c6befcb1bccc2db3184aa9ec05,0.11826226870474658,228000,174,388660000,/nfs3_ib/nfs-ip34/home/def-ilafores/analysis/MethodsComparison/PD/preproc/SRR19064665/SRR19064665_unmatched_2.fastq,SRR19064665,caaf731be22e1a9235dbbb67908ed041,606345000,31,DNA,1000,606345,true,0.7920728409747338,0.9334516185895763,0.8627622297821551,0.9334516185895763,17228,4621969,7033625
535000,0.0008823359638489639,0.1084973595775324,0.0003727250987474128,0.00008203451278679201,2.5530973451327434,2.0,2.0284075796318635,signatures/edbdcf411c7e2ff22fae7f29d91e29c4.sig.gz,"GCF_024295625.1 Streptococcus sp. CF8_St5-11 strain=CF8_St5-11, ASM2429562v1",edbdcf411c7e2ff22fae7f29d91e29c4,0.25684109457513205,226000,175,388434000,/nfs3_ib/nfs-ip34/home/def-ilafores/analysis/MethodsComparison/PD/preproc/SRR19064665/SRR19064665_unmatched_2.fastq,SRR19064665,caaf731be22e1a9235dbbb67908ed041,606345000,31,DNA,1000,606345,true,0.7970252201234463,0.957099126224401,0.8770621731739237,0.957099126224401,577,4622546,7033625
275000,0.00045353717767937393,0.061286744315030506,0.0003644789682441514,0.000057438376370648136,1.8280542986425339,1.0,1.2209818453748256,signatures/851f79ec11a0fc091dcc737b6dbe5cc2.sig.gz,"GCF_014467075.1 Anaerostipes caccae strain=JCM 13470, ASM1446707v1",851f79ec11a0fc091dcc737b6dbe5cc2,0.07626178591236828,221000,176,388213000,/nfs3_ib/nfs-ip34/home/def-ilafores/analysis/MethodsComparison/PD/preproc/SRR19064665/SRR19064665_unmatched_2.fastq,SRR19064665,caaf731be22e1a9235dbbb67908ed041,606345000,31,DNA,1000,606345,true,0.7800973507270729,0.9203338297561066,0.8502155902415898,0.9203338297561066,404,4622950,7033625
1002000,0.0016525245528535735,0.06392826149840902,0.0003644789682441514,0.0005195045229167037,16.533936651583712,8.0,22.558821600741616,signatures/4d1fd4a988e75787682a232c846bb78e.sig.gz,GCF_025567265.1 Dorea amylophila strain=H5_25 ASM2556726v1,4d1fd4a988e75787682a232c846bb78e,0.28984668787966444,221000,177,387992000,/nfs3_ib/nfs-ip34/home/def-ilafores/analysis/MethodsComparison/PD/preproc/SRR19064665/SRR19064665_unmatched_2.fastq,SRR19064665,caaf731be22e1a9235dbbb67908ed041,606345000,31,DNA,1000,606345,true,0.8133225922070422,0.9608389316742315,0.8870807619406369,0.9608389316742315,3654,4626604,7033625
276000,0.00045518640378002624,0.07599309153713299,0.00036282974214349917,0.00009895324246032451,3.1636363636363636,2.0,8.153111255250716,signatures/8ac40930d9d76ec404ee8c7d650add64.sig.gz,GCF_025567315.1 Agathobaculum ammoniilyticum strain=Sanger_34 ASM2556731v1,8ac40930d9d76ec404ee8c7d650add64,0.09533678756476684,220000,178,387772000,/nfs3_ib/nfs-ip34/home/def-ilafores/analysis/MethodsComparison/PD/preproc/SRR19064665/SRR19064665_unmatched_2.fastq,SRR19064665,caaf731be22e1a9235dbbb67908ed041,606345000,31,DNA,1000,606345,true,0.7801886971212628,0.9269854549343337,0.8535870760277983,0.9269854549343337,696,4627300,7033625
956000,0.0015766601522235692,0.09144295302013423,0.0003595312899421946,0.00014771899269580053,4.76605504587156,3.0,5.34715426645459,signatures/064f37e0e8408f176a29afe33224f971.sig.gz,"GCF_009738225.1 Streptococcus salivarius strain=ICDC2, ASM973822v1",064f37e0e8408f176a29afe33224f971,0.401006711409396,218000,179,387554000,/nfs3_ib/nfs-ip34/home/def-ilafores/analysis/MethodsComparison/PD/preproc/SRR19064665/SRR19064665_unmatched_2.fastq,SRR19064665,caaf731be22e1a9235dbbb67908ed041,606345000,31,DNA,1000,606345,true,0.8120905458375317,0.9709535189128401,0.8915220323751859,0.9709535189128401,1039,4628339,7033625
1326000,0.0021868738094649085,0.04418081407240745,0.0003562328377408901,0.0015121647798965682,49.24074074074074,50.0,35.74559552520146,signatures/710cdbb1b39af4ff433ed7fbad6c78ce.sig.gz,"GCF_000614125.1 Bacteroides rodentium JCM 16496 strain=JCM 16496, ASM61412v1",710cdbb1b39af4ff433ed7fbad6c78ce,0.27122110861116794,216000,180,387338000,/nfs3_ib/nfs-ip34/home/def-ilafores/analysis/MethodsComparison/PD/preproc/SRR19064665/SRR19064665_unmatched_2.fastq,SRR19064665,caaf731be22e1a9235dbbb67908ed041,606345000,31,DNA,1000,606345,true,0.8207064792005172,0.958782530737977,0.8897445049692472,0.958782530737977,10636,4638975,7033625
409000,0.0006745334751667779,0.059602649006622516,0.0003562328377408901,0.00010151237804119497,3.3055555555555554,1.0,6.063641390582084,signatures/4f9f7653a293be189ac633bff28f9766.sig.gz,"GCF_008121495.1 [Ruminococcus] gnavus ATCC 29149 strain=JCM6515, ASM812149v1",4f9f7653a293be189ac633bff28f9766,0.11285871964679911,216000,181,387122000,/nfs3_ib/nfs-ip34/home/def-ilafores/analysis/MethodsComparison/PD/preproc/SRR19064665/SRR19064665_unmatched_2.fastq,SRR19064665,caaf731be22e1a9235dbbb67908ed041,606345000,31,DNA,1000,606345,true,0.7901504477855776,0.9320444328685454,0.8610974403270615,0.9320444328685454,714,4639689,7033625
215000,0.0003545836116402378,0.13587301587301587,0.00035293438553958556,0.00006838578968881623,2.2476635514018692,2.0,1.594197761767583,signatures/1abc2db3e10589d48ef4a4489845b3f5.sig.gz,"GCA_934476545.1 uncultured Eubacteriales bacterium, ERR7738605_bin.106",1abc2db3e10589d48ef4a4489845b3f5,0.1365079365079365,214000,182,386908000,/nfs3_ib/nfs-ip34/home/def-ilafores/analysis/MethodsComparison/PD/preproc/SRR19064665/SRR19064665_unmatched_2.fastq,SRR19064665,caaf731be22e1a9235dbbb67908ed041,606345000,31,DNA,1000,606345,true,0.7739280759040919,0.9377819465857956,0.8558550112449437,0.9377819465857956,481,4640170,7033625
945000,0.001558518665116394,0.05123294230308834,0.00035293438553958556,0.0003376637224759637,11.098130841121495,7.0,15.796743313416965,signatures/10a3119a5699e5fe2f6e2fb304de6b7c.sig.gz,"GCF_020537505.1 Blautia glucerasea strain=MSK.18.94, ASM2053750v1",10a3119a5699e5fe2f6e2fb304de6b7c,0.22623892745989946,214000,183,386694000,/nfs3_ib/nfs-ip34/home/def-ilafores/analysis/MethodsComparison/PD/preproc/SRR19064665/SRR19064665_unmatched_2.fastq,SRR19064665,caaf731be22e1a9235dbbb67908ed041,606345000,31,DNA,1000,606345,true,0.8117874310608256,0.9531902500278303,0.882488840544328,0.9531902500278303,2375,4642545,7033625
1135000,0.0018718716242403252,0.045012679628064246,0.00035128515943893326,0.000649309566546411,21.441314553990612,6.0,37.23787992835162,signatures/74682f4f7d98823d43fc073dc9b6e96e.sig.gz,GCA_959606905.1 uncultured Bacteroides sp. SRR16244388_bin.36_MetaWRAP_v1.3_MAG,74682f4f7d98823d43fc073dc9b6e96e,0.23985629754860524,213000,184,386481000,/nfs3_ib/nfs-ip34/home/def-ilafores/analysis/MethodsComparison/PD/preproc/SRR19064665/SRR19064665_unmatched_2.fastq,SRR19064665,caaf731be22e1a9235dbbb67908ed041,606345000,31,DNA,1000,606345,true,0.8165991155152983,0.9549891191727795,0.8857941173440389,0.9549891191727795,4567,4647112,7033625
628000,0.001035713991209625,0.07106598984771574,0.00034633748113697645,0.002419378343315147,81.03333333333333,2.0,718.7225200267841,signatures/a96a93f4ccfffab2b09abbcb1661a2f7.sig.gz,"GCA_900764225.1 Lachnospiraceae bacterium, SRS1719414_2",a96a93f4ccfffab2b09abbcb1661a2f7,0.21252115059221657,210000,185,386271000,/nfs3_ib/nfs-ip34/home/def-ilafores/analysis/MethodsComparison/PD/preproc/SRR19064665/SRR19064665_unmatched_2.fastq,SRR19064665,caaf731be22e1a9235dbbb67908ed041,606345000,31,DNA,1000,606345,true,0.801156599070149,0.9512688932591118,0.8762127461646304,0.9512688932591118,17017,4664129,7033625
832000,0.0013721561157426878,0.054685426068489515,0.0003397405767343674,0.00014658159910430256,5.004854368932039,3.0,9.10963299635645,signatures/367415b6cb4fef904ddbb21d35a68b02.sig.gz,"GCF_004123145.1 Blautia sp. KGMB01111 strain=KGMB01111, ASM412314v1",367415b6cb4fef904ddbb21d35a68b02,0.22086541014069552,206000,186,386065000,/nfs3_ib/nfs-ip34/home/def-ilafores/analysis/MethodsComparison/PD/preproc/SRR19064665/SRR19064665_unmatched_2.fastq,SRR19064665,caaf731be22e1a9235dbbb67908ed041,606345000,31,DNA,1000,606345,true,0.8084593316406208,0.9524514103598007,0.8804553710002108,0.9524514103598007,1031,4665160,7033625
395000,0.0006514443097576462,0.03364826786010277,0.0003347928984324106,0.00011885763031153921,4.1182266009852215,2.0,17.651687782875598,signatures/c7fdedc4e0f0b75c8d3f4fbb28a2d541.sig.gz,"GCF_009696275.1 Eisenbergiella tayi strain=WCA-389-WT-23B, ASM969627v1",c7fdedc4e0f0b75c8d3f4fbb28a2d541,0.0654732305652246,203000,187,385862000,/nfs3_ib/nfs-ip34/home/def-ilafores/analysis/MethodsComparison/PD/preproc/SRR19064665/SRR19064665_unmatched_2.fastq,SRR19064665,caaf731be22e1a9235dbbb67908ed041,606345000,31,DNA,1000,606345,true,0.7892631895668167,0.9158165946825007,0.8525398921246587,0.9158165946825007,836,4665996,7033625
1328000,0.002190172261666213,0.025,0.00033314367233175835,0.001327338321278146,46.21782178217822,15.0,95.96060494904177,signatures/6672ed00a5e62028f3d25099a8b409db.sig.gz,GCF_900761785.1 uncultured Bacteroides sp. SRS098827_17,6672ed00a5e62028f3d25099a8b409db,0.16435643564356436,202000,188,385660000,/nfs3_ib/nfs-ip34/home/def-ilafores/analysis/MethodsComparison/PD/preproc/SRR19064665/SRR19064665_unmatched_2.fastq,SRR19064665,caaf731be22e1a9235dbbb67908ed041,606345000,31,DNA,1000,606345,true,0.8207463813122635,0.9434150437167127,0.882080712514488,0.9434150437167127,9336,4675332,7033625
741000,0.0012220765405833312,0.07864726700747149,0.0003298452201304538,0.0009610975848157956,33.8,31.0,19.790907002964758,signatures/95f8130846ee8e63441ccf30882428cf.sig.gz,GCF_030848305.1 Akkermansia muciniphila strain=MmAkk3 ASM3084830v1,95f8130846ee8e63441ccf30882428cf,0.29138812426268185,200000,189,385460000,/nfs3_ib/nfs-ip34/home/def-ilafores/analysis/MethodsComparison/PD/preproc/SRR19064665/SRR19064665_unmatched_2.fastq,SRR19064665,caaf731be22e1a9235dbbb67908ed041,606345000,31,DNA,1000,606345,true,0.8054441517524689,0.9610033427432892,0.883223747247879,0.9610033427432892,6760,4682092,7033625
1046000,0.0017250905012822734,0.09205426356589147,0.0003133529591239311,0.000450265688034264,16.66842105263158,15.0,11.775109905915901,signatures/1eec876ad36c7c0dc8f80b0f76f15058.sig.gz,"GCA_019423795.1 Clostridiales bacterium, ASM1942379v1",1eec876ad36c7c0dc8f80b0f76f15058,0.5067829457364341,190000,190,385270000,/nfs3_ib/nfs-ip34/home/def-ilafores/analysis/MethodsComparison/PD/preproc/SRR19064665/SRR19064665_unmatched_2.fastq,SRR19064665,caaf731be22e1a9235dbbb67908ed041,606345000,31,DNA,1000,606345,true,0.8144508848654802,0.9783136852852621,0.8963822850753711,0.9783136852852621,3167,4685259,7033625
677000,0.001116526070141586,0.06643109540636043,0.0003100545069226266,0.0001161563205317315,4.345744680851064,3.5,3.3994106151738754,signatures/02b170c1c65259d332d2411d92d0f08f.sig.gz,"GCF_000478885.1 Adlercreutzia equolifaciens DSM 19450 strain=DSM 19450, ASM47888v1",02b170c1c65259d332d2411d92d0f08f,0.2392226148409894,188000,191,385082000,/nfs3_ib/nfs-ip34/home/def-ilafores/analysis/MethodsComparison/PD/preproc/SRR19064665/SRR19064665_unmatched_2.fastq,SRR19064665,caaf731be22e1a9235dbbb67908ed041,606345000,31,DNA,1000,606345,true,0.8031006242509912,0.9549076274969099,0.8790041258739505,0.9549076274969099,817,4686076,7033625
234000,0.00038591890755263093,0.06054623231326094,0.00030345760252001747,0.00006497360891432227,2.483695652173913,2.0,3.0108057990422283,signatures/655feb99de6d4affd517d5ed2f459c94.sig.gz,"GCA_000154345.1 [Clostridium] leptum DSM 753 strain=DSM 753, ASM15434v1",655feb99de6d4affd517d5ed2f459c94,0.0769990128331688,184000,192,384898000,/nfs3_ib/nfs-ip34/home/def-ilafores/analysis/MethodsComparison/PD/preproc/SRR19064665/SRR19064665_unmatched_2.fastq,SRR19064665,caaf731be22e1a9235dbbb67908ed041,606345000,31,DNA,1000,606345,true,0.7760451151511882,0.9206194931098517,0.84833230413052,0.9206194931098517,457,4686533,7033625
1691000,0.0027888413362029867,0.055163959546429664,0.0002968606981174084,0.0033037018607048286,129.09444444444443,145.5,100.06318543923595,signatures/13b91a3b95e974816cbdb5352e0e95f7.sig.gz,GCA_948579315.1 uncultured Phocaeicola sp. MGBC144851,13b91a3b95e974816cbdb5352e0e95f7,0.5182347532945143,180000,193,384718000,/nfs3_ib/nfs-ip34/home/def-ilafores/analysis/MethodsComparison/PD/preproc/SRR19064665/SRR19064665_unmatched_2.fastq,SRR19064665,caaf731be22e1a9235dbbb67908ed041,606345000,31,DNA,1000,606345,true,0.8271691265630082,0.979019131182965,0.9030941288729866,0.979019131182965,23237,4709770,7033625
1521000,0.002508472899092101,0.07109004739336493,0.0002968606981174084,0.0005531998080648314,21.616666666666667,13.0,23.175963362453295,signatures/5de087f5a9a17c161f71764fddd2d36f.sig.gz,GCA_958454115.1 Blautia wexlerae SRR18940294_bin.27_MetaWRAP_v1.3_MAG,5de087f5a9a17c161f71764fddd2d36f,0.6007109004739336,180000,194,384538000,/nfs3_ib/nfs-ip34/home/def-ilafores/analysis/MethodsComparison/PD/preproc/SRR19064665/SRR19064665_unmatched_2.fastq,SRR19064665,caaf731be22e1a9235dbbb67908ed041,606345000,31,DNA,1000,606345,true,0.8243468468272409,0.9836943519713371,0.904020599399289,0.9836943519713371,3891,4713661,7033625
1197000,0.001974123642480766,0.053464755077658306,0.0002952114720167561,0.00019762213652277453,7.76536312849162,6.0,8.387988636124742,signatures/5690dda55028fe4b6db542ea10f1886c.sig.gz,"GCF_013300725.1 Coprococcus comes strain=MSK.16.63, ASM1330072v1",5690dda55028fe4b6db542ea10f1886c,0.3575268817204301,179000,195,384359000,/nfs3_ib/nfs-ip34/home/def-ilafores/analysis/MethodsComparison/PD/preproc/SRR19064665/SRR19064665_unmatched_2.fastq,SRR19064665,caaf731be22e1a9235dbbb67908ed041,606345000,31,DNA,1000,606345,true,0.8180013327956811,0.9673655190563996,0.8926834259260403,0.9673655190563996,1390,4715051,7033625
179000,0.0002952114720167561,0.07451312447078746,0.0002902637937147993,0.000046775311450354546,1.8693181818181819,1.0,1.5847180674510477,signatures/9f99791d63c29d4519c7a987f8fbb8a7.sig.gz,"GCA_904395335.1 Candidatus Avimonas narfia, Coassembly_mag_196",9f99791d63c29d4519c7a987f8fbb8a7,0.07578323454699407,176000,196,384183000,/nfs3_ib/nfs-ip34/home/def-ilafores/analysis/MethodsComparison/PD/preproc/SRR19064665/SRR19064665_unmatched_2.fastq,SRR19064665,caaf731be22e1a9235dbbb67908ed041,606345000,31,DNA,1000,606345,true,0.7693666024219004,0.9201469650048747,0.8447567837133876,0.9201469650048747,329,4715380,7033625
572000,0.0009433573295730978,0.03749191984486102,0.0002869653415134948,0.00012838330164033481,5.189655172413793,4.0,4.127801298422062,signatures/d4b0f7a75de0de86779fc9973ed01479.sig.gz,GCF_025148635.1 Butyricimonas virosa strain=DSM 23226 ASM2514863v1,d4b0f7a75de0de86779fc9973ed01479,0.12324929971988796,174000,197,384009000,/nfs3_ib/nfs-ip34/home/def-ilafores/analysis/MethodsComparison/PD/preproc/SRR19064665/SRR19064665_unmatched_2.fastq,SRR19064665,caaf731be22e1a9235dbbb67908ed041,606345000,31,DNA,1000,606345,true,0.7987463941258193,0.934696177167439,0.8667212856466291,0.934696177167439,903,4716283,7033625
980000,0.0016162415786392236,0.0694949494949495,0.00028366688931219026,0.00023131742167090228,9.459302325581396,8.0,8.458762869397173,signatures/363d223ee3759cea7ec9a3f62c7a0463.sig.gz,"GCA_934514285.1 uncultured Faecalibacterium sp., ERR7738148_bin.55",363d223ee3759cea7ec9a3f62c7a0463,0.39595959595959596,172000,198,383837000,/nfs3_ib/nfs-ip34/home/def-ilafores/analysis/MethodsComparison/PD/preproc/SRR19064665/SRR19064665_unmatched_2.fastq,SRR19064665,caaf731be22e1a9235dbbb67908ed041,606345000,31,DNA,1000,606345,true,0.8127403381750411,0.9705568875005155,0.8916486128377783,0.9705568875005155,1627,4717910,7033625
1056000,0.001741582762288796,0.05186972255729795,0.00028366688931219026,0.00033709502568021467,13.784883720930232,12.0,9.157231447177518,signatures/2023c0f479da06b35c0c857a2d652a0d.sig.gz,"GCF_003480435.1 Clostridium sp. AM30-24 strain=AM30-24, ASM348043v1",2023c0f479da06b35c0c857a2d652a0d,0.31845597104945716,172000,199,383665000,/nfs3_ib/nfs-ip34/home/def-ilafores/analysis/MethodsComparison/PD/preproc/SRR19064665/SRR19064665_unmatched_2.fastq,SRR19064665,caaf731be22e1a9235dbbb67908ed041,606345000,31,DNA,1000,606345,true,0.8147009023703548,0.9637609720532021,0.8892309372117784,0.9637609720532021,2371,4720281,7033625
1015000,0.0016739644921620529,0.04714640198511166,0.000282017663211538,0.00013165330821589152,5.415204678362573,4.0,4.995624089723534,signatures/30261a1b36bb7ea826d90dbce7b10368.sig.gz,"GCA_934292725.1 uncultured Lachnospiraceae bacterium, ERR7738588_bin.131",30261a1b36bb7ea826d90dbce7b10368,0.27984560242624756,171000,200,383494000,/nfs3_ib/nfs-ip34/home/def-ilafores/analysis/MethodsComparison/PD/preproc/SRR19064665/SRR19064665_unmatched_2.fastq,SRR19064665,caaf731be22e1a9235dbbb67908ed041,606345000,31,DNA,1000,606345,true,0.8136608633138895,0.9597511935065578,0.8867060284102237,0.9597511935065578,926,4721207,7033625
1932000,0.0031863048264601838,0.024213075060532687,0.0002803684371108857,0.0011526062307842685,47.688235294117646,45.5,38.24122171246995,signatures/6567e1e09256d8c7a31fd1e8d0b378f2.sig.gz,"GCF_020091405.1 Bacteroides cellulosilyticus strain=BFG-250, ASM2009140v1",6567e1e09256d8c7a31fd1e8d0b378f2,0.27517447657028915,170000,201,383324000,/nfs3_ib/nfs-ip34/home/def-ilafores/analysis/MethodsComparison/PD/preproc/SRR19064665/SRR19064665_unmatched_2.fastq,SRR19064665,caaf731be22e1a9235dbbb67908ed041,606345000,31,DNA,1000,606345,true,0.8307318879435371,0.9592302001475598,0.8949810440455485,0.9592302001475598,8107,4729314,7033625
617000,0.00101757250410245,0.0776255707762557,0.0002803684371108857,0.001203931116600615,49.811764705882354,49.0,22.33646141738927,signatures/97e55b19b948bc3884bafc758cb1a6a6.sig.gz,"GCA_900544105.1 uncultured Oscillibacter sp., UMGS638",97e55b19b948bc3884bafc758cb1a6a6,0.2817351598173516,170000,202,383154000,/nfs3_ib/nfs-ip34/home/def-ilafores/analysis/MethodsComparison/PD/preproc/SRR19064665/SRR19064665_unmatched_2.fastq,SRR19064665,caaf731be22e1a9235dbbb67908ed041,606345000,31,DNA,1000,606345,true,0.8007000404205502,0.9599595579478082,0.8803297991841792,0.9599595579478082,8468,4737782,7033625
848000,0.001398543733353124,0.057712126417038816,0.0002770699849095812,0.0010046028896905934,42.05952380952381,42.0,18.4486747430064,signatures/dbd3858aa79f473992a9425a3b3a410e.sig.gz,"GCA_934435205.1 uncultured Ruminococcus sp., ERR7738659_bin.122",dbd3858aa79f473992a9425a3b3a410e,0.2913088285812436,168000,203,382986000,/nfs3_ib/nfs-ip34/home/def-ilafores/analysis/MethodsComparison/PD/preproc/SRR19064665/SRR19064665_unmatched_2.fastq,SRR19064665,caaf731be22e1a9235dbbb67908ed041,606345000,31,DNA,1000,606345,true,0.8089562485172359,0.9609949055483207,0.8849755770327783,0.9609949055483207,7066,4744848,7033625
176000,0.0002902637937147993,0.07724329324699353,0.0002754207588089289,0.000054452718192965934,2.2934131736526946,2.0,1.5057231228551637,signatures/22f1fcc7df205e5794f9297c03b59546.sig.gz,"GCA_019119515.1 Candidatus Agathobaculum intestinigallinarum, ASM1911951v1",22f1fcc7df205e5794f9297c03b59546,0.08140610545790934,167000,204,382819000,/nfs3_ib/nfs-ip34/home/def-ilafores/analysis/MethodsComparison/PD/preproc/SRR19064665/SRR19064665_unmatched_2.fastq,SRR19064665,caaf731be22e1a9235dbbb67908ed041,606345000,31,DNA,1000,606345,true,0.7689472429231106,0.922273866190323,0.8456105545567167,0.922273866190323,383,4745231,7033625
656000,0.0010818923220278884,0.04798850574712644,0.0002754207588089289,0.00010719934599868489,4.514970059880239,2.0,8.313365825368743,signatures/973528e45f46317bdf684a7aee9fd592.sig.gz,"GCF_003122485.1 Eubacterium ramulus strain=21, ASM312248v1",973528e45f46317bdf684a7aee9fd592,0.18850574712643678,167000,205,382652000,/nfs3_ib/nfs-ip34/home/def-ilafores/analysis/MethodsComparison/PD/preproc/SRR19064665/SRR19064665_unmatched_2.fastq,SRR19064665,caaf731be22e1a9235dbbb67908ed041,606345000,31,DNA,1000,606345,true,0.8022847135317421,0.9475963387190488,0.8749405261253955,0.9475963387190488,754,4745985,7033625
3102000,0.005115899364223338,0.03419859909353111,0.00027377153270827665,0.001283690842204411,54.39156626506024,22.5,89.34701362963828,signatures/20f6f4671cb02947dd549a7f52b244a0.sig.gz,GCA_947646015.1 uncultured Bacteroides sp. SRR17794261_bin.38_metawrap_v1.3_MAG,20f6f4671cb02947dd549a7f52b244a0,0.6390605686032138,166000,206,382486000,/nfs3_ib/nfs-ip34/home/def-ilafores/analysis/MethodsComparison/PD/preproc/SRR19064665/SRR19064665_unmatched_2.fastq,SRR19064665,caaf731be22e1a9235dbbb67908ed041,606345000,31,DNA,1000,606345,true,0.8435178122041763,0.9856600671474441,0.9145889396758102,0.9856600671474441,9029,4755014,7033625
756000,0.0012468149320931153,0.06892177589852008,0.00026882385440631985,0.0003757664077911461,16.21472392638037,15.0,9.428284252301065,signatures/3dae230d5900c862378815e0d6973e69.sig.gz,"GCA_934643185.1 uncultured Eubacteriales bacterium, ERR7738937_bin.9",3dae230d5900c862378815e0d6973e69,0.319661733615222,163000,207,382323000,/nfs3_ib/nfs-ip34/home/def-ilafores/analysis/MethodsComparison/PD/preproc/SRR19064665/SRR19064665_unmatched_2.fastq,SRR19064665,caaf731be22e1a9235dbbb67908ed041,606345000,31,DNA,1000,606345,true,0.8059650202792958,0.9638784687421595,0.8849217445107277,0.9638784687421595,2643,4757657,7033625
477000,0.0007866808500111322,0.07605633802816901,0.00026717462830566754,0.000057438376370648136,2.493827160493827,2.0,1.9284962272510584,signatures/5e8b0fbe7c849c05b6e9e5e3bbf969f2.sig.gz,"GCF_000164675.2 Streptococcus parasanguinis ATCC 15912 strain=ATCC 15912, ASM16467v2",5e8b0fbe7c849c05b6e9e5e3bbf969f2,0.223943661971831,162000,208,382161000,/nfs3_ib/nfs-ip34/home/def-ilafores/analysis/MethodsComparison/PD/preproc/SRR19064665/SRR19064665_unmatched_2.fastq,SRR19064665,caaf731be22e1a9235dbbb67908ed041,606345000,31,DNA,1000,606345,true,0.7940803883905941,0.9528767594720806,0.8734785739313373,0.9528767594720806,404,4758061,7033625
226000,0.0003727250987474128,0.04042924881457449,0.00026717462830566754,0.00004535356946098207,1.9691358024691359,2.0,1.4160579934511686,signatures/62b03b4f0784189f3ee5b7d7041318cd.sig.gz,"GCF_019597925.1 [Clostridium] scindens strain=Q4, ASM1959792v1",62b03b4f0784189f3ee5b7d7041318cd,0.056401297728974294,162000,209,381999000,/nfs3_ib/nfs-ip34/home/def-ilafores/analysis/MethodsComparison/PD/preproc/SRR19064665/SRR19064665_unmatched_2.fastq,SRR19064665,caaf731be22e1a9235dbbb67908ed041,606345000,31,DNA,1000,606345,true,0.7751747778993907,0.9114209416653484,0.8432978597823695,0.9114209416653484,319,4758380,7033625
431000,0.0007108164493811279,0.04774694121157863,0.00026387617610436305,0.00012767243064564857,5.6125,2.0,9.224280120963368,signatures/92c53e2d1bf44b454d06fc8084b60b89.sig.gz,GCF_025567405.1 Suilimivivens aceti strain=Sanger_18 ASM2556740v1,92c53e2d1bf44b454d06fc8084b60b89,0.12861832288868993,160000,210,381839000,/nfs3_ib/nfs-ip34/home/def-ilafores/analysis/MethodsComparison/PD/preproc/SRR19064665/SRR19064665_unmatched_2.fastq,SRR19064665,caaf731be22e1a9235dbbb67908ed041,606345000,31,DNA,1000,606345,true,0.7914870059645697,0.9359827258267203,0.863734865895645,0.9359827258267203,898,4759278,7033625
169000,0.00027871921101023346,0.04652515266065717,0.00026387617610436305,0.000033268762551316,1.4625,1.0,1.6312859191447708,signatures/2648477d04c51d508c027ea6c27bf3b2.sig.gz,"GCF_009494135.1 Prevotella copri strain=iAK278, ASM949413v1",2648477d04c51d508c027ea6c27bf3b2,0.049142192497819134,160000,211,381679000,/nfs3_ib/nfs-ip34/home/def-ilafores/analysis/MethodsComparison/PD/preproc/SRR19064665/SRR19064665_unmatched_2.fastq,SRR19064665,caaf731be22e1a9235dbbb67908ed041,606345000,31,DNA,1000,606345,true,0.7679411939101234,0.9073792754785869,0.8376602346943551,0.9073792754785869,234,4759512,7033625
1030000,0.001698702883671837,0.055574852379298365,0.00026387617610436305,0.0002812205654978763,12.3625,11.0,8.67790837414178,signatures/f1fec379145b44d5e924313fee4cb62c.sig.gz,GCF_934424005.1 uncultured Blautia sp. ERR7738266_bin.34,f1fec379145b44d5e924313fee4cb62c,0.35776311219173323,160000,212,381519000,/nfs3_ib/nfs-ip34/home/def-ilafores/analysis/MethodsComparison/PD/preproc/SRR19064665/SRR19064665_unmatched_2.fastq,SRR19064665,caaf731be22e1a9235dbbb67908ed041,606345000,31,DNA,1000,606345,true,0.8140460047358644,0.9673861309225824,0.8907160678292234,0.9673861309225824,1978,4761490,7033625
694000,0.0011445629138526745,0.049394221808014914,0.00026222695000371074,0.0001137393591497983,5.031446540880503,4.0,5.589096959774314,signatures/530dbc306b54ca183856aaf81e7b3c04.sig.gz,GCF_934309345.1 uncultured Mediterraneibacter sp. ERR7738595_bin.190,530dbc306b54ca183856aaf81e7b3c04,0.21559490525007766,159000,213,381360000,/nfs3_ib/nfs-ip34/home/def-ilafores/analysis/MethodsComparison/PD/preproc/SRR19064665/SRR19064665_unmatched_2.fastq,SRR19064665,caaf731be22e1a9235dbbb67908ed041,606345000,31,DNA,1000,606345,true,0.8037433796385414,0.9517096381979737,0.8777265089182575,0.9517096381979737,800,4762290,7033625
1195000,0.0019708251902794613,0.03984867591424968,0.0002605777239030585,0.00026828271339458674,11.943037974683545,9.0,9.921364028621834,signatures/e9ec7274e8258dd4be5e60bc6fb66cda.sig.gz,GCA_948847595.1 uncultured Bacteroides sp. MGBC156522,e9ec7274e8258dd4be5e60bc6fb66cda,0.30138713745271123,158000,214,381202000,/nfs3_ib/nfs-ip34/home/def-ilafores/analysis/MethodsComparison/PD/preproc/SRR19064665/SRR19064665_unmatched_2.fastq,SRR19064665,caaf731be22e1a9235dbbb67908ed041,606345000,31,DNA,1000,606345,true,0.8179572083237329,0.9620498393489947,0.8900035238363637,0.9620498393489947,1887,4764177,7033625
344000,0.0005673337786243805,0.02267407840842598,0.0002556300456011017,0.00005189358261209547,2.3548387096774195,2.0,2.677846837230026,signatures/0f58288732b3804f3c8d60da453de357.sig.gz,GCF_025149285.1 Hungatella hathewayi strain=DSM 13479 ASM2514928v1,0f58288732b3804f3c8d60da453de357,0.05032182562902282,155000,215,381047000,/nfs3_ib/nfs-ip34/home/def-ilafores/analysis/MethodsComparison/PD/preproc/SRR19064665/SRR19064665_unmatched_2.fastq,SRR19064665,caaf731be22e1a9235dbbb67908ed041,606345000,31,DNA,1000,606345,true,0.7857513167615421,0.9080738592828054,0.8469125880221737,0.9080738592828054,365,4764542,7033625
796000,0.001312783976119206,0.07414540202214732,0.00025398081950044944,0.00116440668929606,53.18181818181818,60.0,35.74212374329799,signatures/1199bb7ceeef5b5106f83b0a80c5b1c4.sig.gz,"GCA_905215595.1 uncultured bacterium, ERR1600666-mag-bin.42",1199bb7ceeef5b5106f83b0a80c5b1c4,0.3832450649975927,154000,216,380893000,/nfs3_ib/nfs-ip34/home/def-ilafores/analysis/MethodsComparison/PD/preproc/SRR19064665/SRR19064665_unmatched_2.fastq,SRR19064665,caaf731be22e1a9235dbbb67908ed041,606345000,31,DNA,1000,606345,true,0.8073065804559989,0.9695355999195794,0.8884210901877891,0.9695355999195794,8190,4772732,7033625
735000,0.0012121811839794177,0.054804270462633455,0.00025398081950044944,0.00029145710782135814,13.311688311688311,12.0,9.238906637200222,signatures/409494dbcb6adeb2e2fab2386f970cd8.sig.gz,"GCA_900315735.1 uncultured Lachnospiraceae bacterium, Rumen uncultured genome RUG115",409494dbcb6adeb2e2fab2386f970cd8,0.2615658362989324,154000,217,380739000,/nfs3_ib/nfs-ip34/home/def-ilafores/analysis/MethodsComparison/PD/preproc/SRR19064665/SRR19064665_unmatched_2.fastq,SRR19064665,caaf731be22e1a9235dbbb67908ed041,606345000,31,DNA,1000,606345,true,0.8052329419496278,0.9576620793210107,0.8814475106353192,0.9576620793210107,2050,4774782,7033625
154000,0.00025398081950044944,0.05731523378582202,0.0002506823672991449,0.000040803995094990134,1.888157894736842,1.0,1.379117481471695,signatures/eedc8f21f90326f9379ba59e8e3164e0.sig.gz,"GCA_934647945.1 uncultured Eubacteriales bacterium, ERR7738665_bin.322",eedc8f21f90326f9379ba59e8e3164e0,0.058069381598793365,152000,218,380587000,/nfs3_ib/nfs-ip34/home/def-ilafores/analysis/MethodsComparison/PD/preproc/SRR19064665/SRR19064665_unmatched_2.fastq,SRR19064665,caaf731be22e1a9235dbbb67908ed041,606345000,31,DNA,1000,606345,true,0.7656421535299255,0.9122782673793903,0.8389602104546579,0.9122782673793903,287,4775069,7033625
745000,0.0012286734449859402,0.07238734419942473,0.0002490331411984926,0.0005396932591657929,25.13907284768212,24.0,14.017982649118405,signatures/90b92750dc8865ed4f4ab15e1fc4c9f1.sig.gz,"GCF_002834225.1 Ruminococcus bromii strain=ATCC 27255, ASM283422v1",90b92750dc8865ed4f4ab15e1fc4c9f1,0.35714285714285715,151000,219,380436000,/nfs3_ib/nfs-ip34/home/def-ilafores/analysis/MethodsComparison/PD/preproc/SRR19064665/SRR19064665_unmatched_2.fastq,SRR19064665,caaf731be22e1a9235dbbb67908ed041,606345000,31,DNA,1000,606345,true,0.8055840407881598,0.9673319835363253,0.8864580121622425,0.9673319835363253,3796,4778865,7033625
882000,0.0014546174207753012,0.05196629213483146,0.0002440854628965358,0.0008482112708596207,40.310810810810814,37.0,37.98023158479259,signatures/3784007bacdb5e1a673c9a775abe80cf.sig.gz,GCA_937935345.1 uncultured Lachnobacterium sp. SRR1761720_bin.57_CONCOCT_v1.1_MAG,3784007bacdb5e1a673c9a775abe80cf,0.30969101123595505,148000,220,380288000,/nfs3_ib/nfs-ip34/home/def-ilafores/analysis/MethodsComparison/PD/preproc/SRR19064665/SRR19064665_unmatched_2.fastq,SRR19064665,caaf731be22e1a9235dbbb67908ed041,606345000,31,DNA,1000,606345,true,0.8099827450099477,0.9628936927239835,0.8864382188669656,0.9628936927239835,5966,4784831,7033625
509000,0.0008394560852320049,0.037143604499084486,0.0002341901062926222,0.0001295206952318328,6.415492957746479,5.0,5.75343492962135,signatures/b7ef59f753d43f9de83e8f0372529c7f.sig.gz,GCF_934371575.1 uncultured Blautia sp. ERR7738559_bin.137,b7ef59f753d43f9de83e8f0372529c7f,0.1331415119016479,142000,221,380146000,/nfs3_ib/nfs-ip34/home/def-ilafores/analysis/MethodsComparison/PD/preproc/SRR19064665/SRR19064665_unmatched_2.fastq,SRR19064665,caaf731be22e1a9235dbbb67908ed041,606345000,31,DNA,1000,606345,true,0.7957453847655497,0.937026876625743,0.8663861306956464,0.937026876625743,911,4785742,7033625
1327000,0.002188523035565561,0.030795922793320323,0.0002341901062926222,0.0010599086530771829,52.5,18.0,76.85350523955061,signatures/fce21236a84451ec2097370a1feb8cb5.sig.gz,"GCF_001688725.2 Bacteroides caecimuris strain=I48, ASM168872v2",fce21236a84451ec2097370a1feb8cb5,0.2877900672305357,142000,222,380004000,/nfs3_ib/nfs-ip34/home/def-ilafores/analysis/MethodsComparison/PD/preproc/SRR19064665/SRR19064665_unmatched_2.fastq,SRR19064665,caaf731be22e1a9235dbbb67908ed041,606345000,31,DNA,1000,606345,true,0.8207264375312492,0.9606182479918112,0.8906723427615302,0.9606182479918112,7455,4793197,7033625
706000,0.001164353627060502,0.06896551724137931,0.00023089165409131764,0.0003333984965078462,16.75,11.0,16.88284209316835,signatures/d639dc1eb59e3cead41ec747d39ff1cf.sig.gz,"GCA_019419095.1 Clostridiales bacterium, ASM1941909v1",d639dc1eb59e3cead41ec747d39ff1cf,0.3477832512315271,140000,223,379864000,/nfs3_ib/nfs-ip34/home/def-ilafores/analysis/MethodsComparison/PD/preproc/SRR19064665/SRR19064665_unmatched_2.fastq,SRR19064665,caaf731be22e1a9235dbbb67908ed041,606345000,31,DNA,1000,606345,true,0.804187979831575,0.9665036650935389,0.885345822462557,0.9665036650935389,2345,4795542,7033625
795000,0.0013111347500185538,0.07483731019522777,0.00022759320189001312,0.00008530451936234872,4.3478260869565215,3.0,3.9775678496714244,signatures/a2529243a6fbf5d414c6a4341984a615.sig.gz,"GCA_019421285.1 Clostridiales bacterium, ASM1942128v1",a2529243a6fbf5d414c6a4341984a615,0.4311279826464208,138000,224,379726000,/nfs3_ib/nfs-ip34/home/def-ilafores/analysis/MethodsComparison/PD/preproc/SRR19064665/SRR19064665_unmatched_2.fastq,SRR19064665,caaf731be22e1a9235dbbb67908ed041,606345000,31,DNA,1000,606345,true,0.8072738442860685,0.9732246574580509,0.8902492508720596,0.9732246574580509,600,4796142,7033625
139000,0.00022924242799066537,0.04961970300615719,0.00022594397578936084,0.000038244859514119676,1.9635036496350364,1.0,1.8655883364846482,signatures/8317326ae5ef3674e3dda660148cf06f.sig.gz,"GCF_024499055.1 Turicibacter bilis strain=MMM721, ASM2449905v1",8317326ae5ef3674e3dda660148cf06f,0.050344078232524445,137000,225,379589000,/nfs3_ib/nfs-ip34/home/def-ilafores/analysis/MethodsComparison/PD/preproc/SRR19064665/SRR19064665_unmatched_2.fastq,SRR19064665,caaf731be22e1a9235dbbb67908ed041,606345000,31,DNA,1000,606345,true,0.7631153005157874,0.9080868099162708,0.8356010552160291,0.9080868099162708,269,4796411,7033625
916000,0.0015106911081974783,0.0975609756097561,0.00022429474968870856,0.00008317190637829,4.301470588235294,3.0,4.681502795642179,signatures/9f35aaf57b80928b92546075af819741.sig.gz,"GCA_019410105.1 Clostridiales bacterium, ASM1941010v1",9f35aaf57b80928b92546075af819741,0.6571018651362984,136000,226,379453000,/nfs3_ib/nfs-ip34/home/def-ilafores/analysis/MethodsComparison/PD/preproc/SRR19064665/SRR19064665_unmatched_2.fastq,SRR19064665,caaf731be22e1a9235dbbb67908ed041,606345000,31,DNA,1000,606345,true,0.8109716397095753,0.9865456452162555,0.8987586424629155,0.9865456452162555,585,4796996,7033625
614000,0.001012624825800493,0.047685834502103785,0.00022429474968870856,0.0000926975777070856,4.794117647058823,4.0,3.2700010052589383,signatures/b32fe46db86798c6510d932157985a75.sig.gz,GCA_937902905.1 uncultured Clostridium sp. SRR1747018_bin.152_CONCOCT_v1.1_MAG,b32fe46db86798c6510d932157985a75,0.2152875175315568,136000,227,379317000,/nfs3_ib/nfs-ip34/home/def-ilafores/analysis/MethodsComparison/PD/preproc/SRR19064665/SRR19064665_unmatched_2.fastq,SRR19064665,caaf731be22e1a9235dbbb67908ed041,606345000,31,DNA,1000,606345,true,0.8005741571341307,0.9516658365367044,0.8761199968354176,0.9516658365367044,652,4797648,7033625
161000,0.0002655254022050153,0.06543868153174988,0.00022264552358805631,0.000036823117524747193,1.9185185185185185,2.0,1.1158909534660792,signatures/4391435547714b6040a6f386d6877f91.sig.gz,"GCF_021109255.1 Phocea massiliensis strain=NSJ-153, ASM2110925v1",4391435547714b6040a6f386d6877f91,0.0780416868637906,135000,228,379182000,/nfs3_ib/nfs-ip34/home/def-ilafores/analysis/MethodsComparison/PD/preproc/SRR19064665/SRR19064665_unmatched_2.fastq,SRR19064665,caaf731be22e1a9235dbbb67908ed041,606345000,31,DNA,1000,606345,true,0.7667408166313064,0.9210190255741142,0.8438799211027104,0.9210190255741142,259,4797907,7033625
808000,0.0013325746893270334,0.08338597599494631,0.0002176978452860995,0.0003982299312232313,21.21969696969697,16.5,20.59431901437259,signatures/3b0c0b515aeaac98f8eecc40f98418e8.sig.gz,GCA_902463235.1 uncultured Faecalibacterium sp. UHGG-TPA_MGYG-HGUT-00512,3b0c0b515aeaac98f8eecc40f98418e8,0.5104232469993683,132000,229,379050000,/nfs3_ib/nfs-ip34/home/def-ilafores/analysis/MethodsComparison/PD/preproc/SRR19064665/SRR19064665_unmatched_2.fastq,SRR19064665,caaf731be22e1a9235dbbb67908ed041,606345000,31,DNA,1000,606345,true,0.8076963398527722,0.9785395907583383,0.8931179653055552,0.9785395907583383,2801,4800708,7033625
224000,0.0003694266465461082,0.040733830845771146,0.00021604861918544723,0.00004833922763866427,2.595419847328244,2.0,2.260779524935911,signatures/76af100bc8edd865e4373c95a72fb765.sig.gz,"GCF_900289145.1 Neobittarella massiliensis strain=Marseille-P4047, PRJEB22826",76af100bc8edd865e4373c95a72fb765,0.06965174129353234,131000,230,378919000,/nfs3_ib/nfs-ip34/home/def-ilafores/analysis/MethodsComparison/PD/preproc/SRR19064665/SRR19064665_unmatched_2.fastq,SRR19064665,caaf731be22e1a9235dbbb67908ed041,606345000,31,DNA,1000,606345,true,0.7749525359624786,0.9176461040382707,0.8462993200003747,0.9176461040382707,340,4801048,7033625
842000,0.0013886483767492105,0.04279647174126103,0.00021604861918544723,0.00010506673301462617,5.641221374045801,5.0,4.45343799312701,signatures/b4eb8ad688ad5c450d509afd79a0f910.sig.gz,"GCA_902781225.1 uncultured Lachnospiraceae bacterium, Rumen uncultured genome RUG12649",b4eb8ad688ad5c450d509afd79a0f910,0.2750735053903953,131000,231,378788000,/nfs3_ib/nfs-ip34/home/def-ilafores/analysis/MethodsComparison/PD/preproc/SRR19064665/SRR19064665_unmatched_2.fastq,SRR19064665,caaf731be22e1a9235dbbb67908ed041,606345000,31,DNA,1000,606345,true,0.8087709764407093,0.9592188440908606,0.8839949102657849,0.9592188440908606,739,4801787,7033625
476000,0.00078503162391048,0.0289758902897589,0.00021604861918544723,0.001233787698377437,66.2442748091603,35.0,82.51098391864073,signatures/9a96d8e0de2f121979afa404181989bc.sig.gz,"GCF_013618865.1 Bacteroides sp. AGMB03916 strain=AGMB03916, ASM1361886v1",9a96d8e0de2f121979afa404181989bc,0.10528644105286442,131000,232,378657000,/nfs3_ib/nfs-ip34/home/def-ilafores/analysis/MethodsComparison/PD/preproc/SRR19064665/SRR19064665_unmatched_2.fastq,SRR19064665,caaf731be22e1a9235dbbb67908ed041,606345000,31,DNA,1000,606345,true,0.7940266325904639,0.9299586262648437,0.8619926294276539,0.9299586262648437,8678,4810465,7033625
210000,0.00034633748113697645,0.045013850415512466,0.00021439939308479496,0.00003554354973431197,1.9230769230769231,1.0,1.5472824048106688,signatures/8e1d8f686ffcaeae3ade39ddfe868bf6.sig.gz,"GCA_024460105.1 Anaerotignum faecicola strain=SL.2.27, ASM2446010v1",8e1d8f686ffcaeae3ade39ddfe868bf6,0.07271468144044321,130000,233,378527000,/nfs3_ib/nfs-ip34/home/def-ilafores/analysis/MethodsComparison/PD/preproc/SRR19064665/SRR19064665_unmatched_2.fastq,SRR19064665,caaf731be22e1a9235dbbb67908ed041,606345000,31,DNA,1000,606345,true,0.773340850005609,0.9189209067375816,0.8461308783715953,0.9189209067375816,250,4810715,7033625
826000,0.001362260759138774,0.03594315965449986,0.00021275016698414268,0.00009013844212621514,4.9147286821705425,3.0,5.171524609518139,signatures/e74ad9130b727000e44fbbf62543e5bf.sig.gz,"GCF_019734885.1 Coprococcus catus strain=VPIC661, ASM1973488v1",e74ad9130b727000e44fbbf62543e5bf,0.23014767344664253,129000,234,378398000,/nfs3_ib/nfs-ip34/home/def-ilafores/analysis/MethodsComparison/PD/preproc/SRR19064665/SRR19064665_unmatched_2.fastq,SRR19064665,caaf731be22e1a9235dbbb67908ed041,606345000,31,DNA,1000,606345,true,0.8082706001356632,0.95371709527767,0.8809938477066666,0.95371709527767,634,4811349,7033625
421000,0.0006943241883746053,0.03838143409699494,0.00021275016698414268,0.00006255664753238907,3.4108527131782944,2.0,3.2910788577720274,signatures/99e65f8593549ca8e3e843eee40eeb60.sig.gz,"GCF_000210055.1 Gordonibacter pamelaeae 7-10-1-b strain=7-10-1-bT, ASM21005v1",99e65f8593549ca8e3e843eee40eeb60,0.12526033918476645,129000,235,378269000,/nfs3_ib/nfs-ip34/home/def-ilafores/analysis/MethodsComparison/PD/preproc/SRR19064665/SRR19064665_unmatched_2.fastq,SRR19064665,caaf731be22e1a9235dbbb67908ed041,606345000,31,DNA,1000,606345,true,0.790887866382184,0.9351843110809441,0.863036088731564,0.9351843110809441,440,4811789,7033625
384000,0.0006333028226504713,0.027839151568714096,0.00020780248868218588,0.00014828768949154953,8.277777777777779,1.0,24.39608311291393,signatures/47030cb09435e5a03e1ce6a49f0753a5.sig.gz,"GCF_002222615.2 Bacteroides caccae strain=ATCC 43185, ASM222261v2",47030cb09435e5a03e1ce6a49f0753a5,0.08484312859036677,126000,236,378143000,/nfs3_ib/nfs-ip34/home/def-ilafores/analysis/MethodsComparison/PD/preproc/SRR19064665/SRR19064665_unmatched_2.fastq,SRR19064665,caaf731be22e1a9235dbbb67908ed041,606345000,31,DNA,1000,606345,true,0.7885444419403017,0.9235049924551607,0.8560247171977312,0.9235049924551607,1043,4812832,7033625
742000,0.0012237257666839836,0.0287092328892972,0.00020615326258153363,0.0008635660843448435,48.592,53.0,29.14545480859752,signatures/aa21d6a4e240d950eb3b686e2a4fae57.sig.gz,"GCF_004793475.1 Bacteroides sp. NM69_E16B strain=NM69_E16B, ASM479347v1",aa21d6a4e240d950eb3b686e2a4fae57,0.17041800643086816,125000,237,378018000,/nfs3_ib/nfs-ip34/home/def-ilafores/analysis/MethodsComparison/PD/preproc/SRR19064665/SRR19064665_unmatched_2.fastq,SRR19064665,caaf731be22e1a9235dbbb67908ed041,606345000,31,DNA,1000,606345,true,0.8054791923978053,0.9445178650705246,0.874998528734165,0.9445178650705246,6074,4818906,7033625
138000,0.00022759320189001312,0.046781437125748504,0.00020615326258153363,0.0000398087757024294,2.24,2.0,2.8855502074994295,signatures/442cfaa3e6697d373ee39fff33f0ca83.sig.gz,"GCA_018380115.1 Oscillospiraceae bacterium, ASM1838011v1",442cfaa3e6697d373ee39fff33f0ca83,0.051646706586826345,125000,238,377893000,/nfs3_ib/nfs-ip34/home/def-ilafores/analysis/MethodsComparison/PD/preproc/SRR19064665/SRR19064665_unmatched_2.fastq,SRR19064665,caaf731be22e1a9235dbbb67908ed041,606345000,31,DNA,1000,606345,true,0.7629375830933599,0.9088354237200891,0.8358865034067244,0.9088354237200891,280,4819186,7033625
412000,0.0006794811534687348,0.0660628662759723,0.00020450403648088135,0.00016819207734276422,9.540322580645162,8.5,6.394805343387138,signatures/5ced1ecdce79d2e70d60e340e02841fd.sig.gz,"GCA_900772675.1 Lachnospiraceae bacterium, SRS883021_119",5ced1ecdce79d2e70d60e340e02841fd,0.21949920085242408,124000,239,377769000,/nfs3_ib/nfs-ip34/home/def-ilafores/analysis/MethodsComparison/PD/preproc/SRR19064665/SRR19064665_unmatched_2.fastq,SRR19064665,caaf731be22e1a9235dbbb67908ed041,606345000,31,DNA,1000,606345,true,0.7903367462675043,0.9522607879812253,0.8712987671243648,0.9522607879812253,1183,4820369,7033625
124000,0.00020450403648088135,0.033188248095756254,0.0002012055842795768,0.000041088343492864635,2.3688524590163933,2.0,1.980233550028351,signatures/a6edb8082fd7164fb0ee7ab7745fcb67.sig.gz,"GCF_000577815.1 Clostridium saudiense strain=JCC, JCC",a6edb8082fd7164fb0ee7ab7745fcb67,0.03373231773667029,122000,240,377647000,/nfs3_ib/nfs-ip34/home/def-ilafores/analysis/MethodsComparison/PD/preproc/SRR19064665/SRR19064665_unmatched_2.fastq,SRR19064665,caaf731be22e1a9235dbbb67908ed041,606345000,31,DNA,1000,606345,true,0.7603094411401972,0.8964325523694402,0.8283709967548187,0.8964325523694402,289,4820658,7033625
870000,0.001434826707567474,0.03166710285265637,0.00019955635817892455,0.00021439869199736978,12.462809917355372,11.0,8.032003467857212,signatures/ba44e405458705e9ab11b89381454753.sig.gz,"GCF_014287515.2 Roseburia sp. NSJ-69 strain=NSJ-69, ASM1428751v2",ba44e405458705e9ab11b89381454753,0.22768908662653756,121000,241,377526000,/nfs3_ib/nfs-ip34/home/def-ilafores/analysis/MethodsComparison/PD/preproc/SRR19064665/SRR19064665_unmatched_2.fastq,SRR19064665,caaf731be22e1a9235dbbb67908ed041,606345000,31,DNA,1000,606345,true,0.8096248941614114,0.9533867320475703,0.8815058131044908,0.9533867320475703,1508,4822166,7033625
125000,0.00020615326258153363,0.05805515239477504,0.00019790713207827227,0.00004066182089605289,2.3833333333333333,2.0,2.0173552543422346,signatures/7c2393768a4611e6209fccb8fb3d4cb1.sig.gz,"GCA_934373295.1 uncultured Christensenellaceae bacterium, ERR7745438_bin.56",7c2393768a4611e6209fccb8fb3d4cb1,0.06047411707789066,120000,242,377406000,/nfs3_ib/nfs-ip34/home/def-ilafores/analysis/MethodsComparison/PD/preproc/SRR19064665/SRR19064665_unmatched_2.fastq,SRR19064665,caaf731be22e1a9235dbbb67908ed041,606345000,31,DNA,1000,606345,true,0.7605064645983662,0.9134731604590757,0.836989812528721,0.9134731604590757,286,4822452,7033625
316000,0.000521155447806117,0.02893658066071859,0.00019790713207827227,0.00005459489239190318,3.2,1.0,5.279835856034416,signatures/9216287e15b5df82656d9407b3ab0a7c.sig.gz,GCF_025146565.1 Bacteroides eggerthii strain=DSM 20697 ASM2514656v1,9216287e15b5df82656d9407b3ab0a7c,0.07619966240655895,120000,243,377286000,/nfs3_ib/nfs-ip34/home/def-ilafores/analysis/MethodsComparison/PD/preproc/SRR19064665/SRR19064665_unmatched_2.fastq,SRR19064665,caaf731be22e1a9235dbbb67908ed041,606345000,31,DNA,1000,606345,true,0.7836023301736216,0.9203096359654332,0.8519559830695274,0.9203096359654332,384,4822836,7033625
120000,0.00019790713207827227,0.053009883198562445,0.00019460867987696774,0.00003767616271837068,2.2457627118644066,2.0,1.4493507645182357,signatures/61e7804a4c5416bc37c9d86f05d379aa.sig.gz,"GCF_001061665.1 Rothia mucilaginosa strain=141_RMUC, ASM106166v1",61e7804a4c5416bc37c9d86f05d379aa,0.05390835579514825,118000,244,377168000,/nfs3_ib/nfs-ip34/home/def-ilafores/analysis/MethodsComparison/PD/preproc/SRR19064665/SRR19064665_unmatched_2.fastq,SRR19064665,caaf731be22e1a9235dbbb67908ed041,606345000,31,DNA,1000,606345,true,0.7595056594752515,0.9100928034364891,0.8347992314558703,0.9100928034364891,265,4823101,7033625
790000,0.0013028886195152925,0.024284832270014406,0.00019460867987696774,0.00009454584229326982,5.635593220338983,2.0,13.020625915230067,signatures/dcf743ecbf716c7db8255b85c5ef9ec0.sig.gz,"GCF_000424325.1 [Clostridium] clostridioforme AGR2157 strain=AGR2157, ASM42432v1",dcf743ecbf716c7db8255b85c5ef9ec0,0.1625848940111134,118000,245,377050000,/nfs3_ib/nfs-ip34/home/def-ilafores/analysis/MethodsComparison/PD/preproc/SRR19064665/SRR19064665_unmatched_2.fastq,SRR19064665,caaf731be22e1a9235dbbb67908ed041,606345000,31,DNA,1000,606345,true,0.8071095633501585,0.9430852966214733,0.8750974299858159,0.9430852966214733,665,4823766,7033625
429000,0.0007075179971798234,0.06210526315789474,0.00019460867987696774,0.00016150988999271356,9.627118644067796,2.5,12.341741636132324,signatures/409558edfa51ee98e378b8918dc34ef8.sig.gz,"GCA_900552015.1 uncultured Clostridiales bacterium, UMGS1455",409558edfa51ee98e378b8918dc34ef8,0.22578947368421054,118000,246,376932000,/nfs3_ib/nfs-ip34/home/def-ilafores/analysis/MethodsComparison/PD/preproc/SRR19064665/SRR19064665_unmatched_2.fastq,SRR19064665,caaf731be22e1a9235dbbb67908ed041,606345000,31,DNA,1000,606345,true,0.791368261919674,0.9531291060882753,0.8722486840039747,0.9531291060882753,1136,4824902,7033625
187000,0.0003084052808219743,0.018852723171124717,0.00019295945377631547,0.000029572233378947556,1.7777777777777777,1.0,1.3340453939092352,signatures/12339c0d1522bf08ef0abca2a6195e89.sig.gz,"GCF_014287615.1 Blautia sp. NSJ-34 strain=NSJ-34, ASM1428761v1",12339c0d1522bf08ef0abca2a6195e89,0.03013213019658395,117000,247,376815000,/nfs3_ib/nfs-ip34/home/def-ilafores/analysis/MethodsComparison/PD/preproc/SRR19064665/SRR19064665_unmatched_2.fastq,SRR19064665,caaf731be22e1a9235dbbb67908ed041,606345000,31,DNA,1000,606345,true,0.7704524928757478,0.893174768935809,0.8318136309057784,0.893174768935809,208,4825110,7033625
204000,0.00033644212453306285,0.04515115822536317,0.0001896610015750109,0.00003767616271837068,2.3043478260869565,2.0,3.307892835242973,signatures/099f21e8946da6cb14ef6241a1ca0c3c.sig.gz,"GCF_018917965.1 Pseudoflavonifractor sp. MSJ-37 strain=MSJ-37, ASM1891796v1",099f21e8946da6cb14ef6241a1ca0c3c,0.0800942285041225,115000,248,376700000,/nfs3_ib/nfs-ip34/home/def-ilafores/analysis/MethodsComparison/PD/preproc/SRR19064665/SRR19064665_unmatched_2.fastq,SRR19064665,caaf731be22e1a9235dbbb67908ed041,606345000,31,DNA,1000,606345,true,0.7726180510155678,0.9217906475964426,0.8472043493060052,0.9217906475964426,265,4825375,7033625
455000,0.0007503978757967824,0.03603034134007586,0.00018801177547435866,0.00007563667383461586,4.666666666666667,2.0,11.860051379039227,signatures/cf6718f040186c5f6ef437b044fde9d7.sig.gz,"GCF_014290175.1 Anaerosacchariphilus sp. NSJ-68 strain=NSJ-68, ASM1429017v1",cf6718f040186c5f6ef437b044fde9d7,0.14380530973451328,114000,249,376586000,/nfs3_ib/nfs-ip34/home/def-ilafores/analysis/MethodsComparison/PD/preproc/SRR19064665/SRR19064665_unmatched_2.fastq,SRR19064665,caaf731be22e1a9235dbbb67908ed041,606345000,31,DNA,1000,606345,true,0.7928717691389895,0.9393586720706598,0.8661152206048246,0.9393586720706598,532,4825907,7033625
135000,0.00022264552358805631,0.03944636678200692,0.00018801177547435866,0.00003170484636300627,1.956140350877193,2.0,1.391643928024297,signatures/e90de3442904ac662177bfb24b6a935e.sig.gz,GCA_958477305.1 uncultured Oscillospiraceae bacterium SRR17382081_bin.10_MetaWRAP_v1.3_MAG,e90de3442904ac662177bfb24b6a935e,0.04671280276816609,114000,250,376472000,/nfs3_ib/nfs-ip34/home/def-ilafores/analysis/MethodsComparison/PD/preproc/SRR19064665/SRR19064665_unmatched_2.fastq,SRR19064665,caaf731be22e1a9235dbbb67908ed041,606345000,31,DNA,1000,606345,true,0.7623968543528566,0.9058964927373737,0.8341466735451152,0.9058964927373737,223,4826130,7033625
131000,0.00021604861918544723,0.04606604158173665,0.0001863625493737064,0.00003454833034175123,2.150442477876106,2.0,2.402878947812737,signatures/3ece67df26d477b09646ada3cbbd0a5e.sig.gz,GCA_902490355.1 uncultured Oscillibacter sp. UHGG-TPA_MGYG-HGUT-03910,3ece67df26d477b09646ada3cbbd0a5e,0.05340399510803098,113000,251,376359000,/nfs3_ib/nfs-ip34/home/def-ilafores/analysis/MethodsComparison/PD/preproc/SRR19064665/SRR19064665_unmatched_2.fastq,SRR19064665,caaf731be22e1a9235dbbb67908ed041,606345000,31,DNA,1000,606345,true,0.7616575047855958,0.909816883643252,0.8357371942144238,0.909816883643252,243,4826373,7033625
835000,0.0013771037940446445,0.058577405857740586,0.0001847133232730541,0.00024667223515612507,15.491071428571429,13.0,12.122879443222145,signatures/92b19d619bec44211e0cd1149887d856.sig.gz,"GCA_905215045.1 uncultured bacterium, ERR1600571-mag-bin.33",92b19d619bec44211e0cd1149887d856,0.4367154811715481,112000,252,376247000,/nfs3_ib/nfs-ip34/home/def-ilafores/analysis/MethodsComparison/PD/preproc/SRR19064665/SRR19064665_unmatched_2.fastq,SRR19064665,caaf731be22e1a9235dbbb67908ed041,606345000,31,DNA,1000,606345,true,0.8085532040178594,0.9736290039073215,0.8910911039625904,0.9736290039073215,1735,4828108,7033625
636000,0.001048907800014843,0.06060606060606061,0.0001847133232730541,0.00008757930654534469,5.5,2.0,8.75764971732876,signatures/f10d58765fd345bffe82da57fb72ecc7.sig.gz,"GCF_000188295.1 Streptococcus vestibularis ATCC 49124 strain=ATCC 49124, ASM18829v1",f10d58765fd345bffe82da57fb72ecc7,0.34415584415584416,112000,253,376135000,/nfs3_ib/nfs-ip34/home/def-ilafores/analysis/MethodsComparison/PD/preproc/SRR19064665/SRR19064665_unmatched_2.fastq,SRR19064665,caaf731be22e1a9235dbbb67908ed041,606345000,31,DNA,1000,606345,true,0.8014838064574759,0.9661768284285966,0.8838303174430362,0.9661768284285966,616,4828724,7033625
1050000,0.0017316874056848824,0.03614457831325301,0.00018306409717240186,0.0007010609749595692,44.42342342342342,44.0,36.414913673242744,signatures/b11818d1b4bf0d22ae3d2662e33873ee.sig.gz,"GCF_003287405.1 Faecalibacterium prausnitzii strain=APC923/51-1, ASM328740v1",b11818d1b4bf0d22ae3d2662e33873ee,0.34190817323347444,111000,254,376024000,/nfs3_ib/nfs-ip34/home/def-ilafores/analysis/MethodsComparison/PD/preproc/SRR19064665/SRR19064665_unmatched_2.fastq,SRR19064665,caaf731be22e1a9235dbbb67908ed041,606345000,31,DNA,1000,606345,true,0.8145511682949744,0.9659726317557507,0.8902619000253625,0.9659726317557507,4931,4833655,7033625
160000,0.00026387617610436305,0.024531668153434435,0.00018141487107174958,0.00003170484636300627,2.0272727272727273,2.0,1.4042732893117282,signatures/52a30bfa0bfdcae6e32d2b99f1ec398b.sig.gz,"GCF_900142645.1 Eubacterium callanderi strain=FD, IMG-taxon 2642422560 annotated assembly",52a30bfa0bfdcae6e32d2b99f1ec398b,0.03568242640499554,110000,255,375914000,/nfs3_ib/nfs-ip34/home/def-ilafores/analysis/MethodsComparison/PD/preproc/SRR19064665/SRR19064665_unmatched_2.fastq,SRR19064665,caaf731be22e1a9235dbbb67908ed041,606345000,31,DNA,1000,606345,true,0.766586728348712,0.8980592283009974,0.8323229783248547,0.8980592283009974,223,4833878,7033625
163000,0.00026882385440631985,0.03852951572993991,0.0001797656449710973,0.0010616147434644298,68.5045871559633,55.0,59.83948312298404,signatures/2c36110cea3e641ec6c9ad945c25cf72.sig.gz,"GCA_900548465.1 uncultured Eubacterium sp., UMGS1096",2c36110cea3e641ec6c9ad945c25cf72,0.0576175326970661,109000,256,375805000,/nfs3_ib/nfs-ip34/home/def-ilafores/analysis/MethodsComparison/PD/preproc/SRR19064665/SRR19064665_unmatched_2.fastq,SRR19064665,caaf731be22e1a9235dbbb67908ed041,606345000,31,DNA,1000,606345,true,0.767046234096861,0.9120484133530331,0.8395473237249471,0.9120484133530331,7467,4841345,7033625
114000,0.00018801177547435866,0.06911857958148383,0.0001797656449710973,0.00003383745934706499,2.18348623853211,2.0,1.5806463526078365,signatures/dd16615e744c6d3edd9373bf1a60ffcd.sig.gz,"GCA_019421975.1 Clostridiales bacterium, ASM1942197v1",dd16615e744c6d3edd9373bf1a60ffcd,0.07228915662650602,109000,257,375696000,/nfs3_ib/nfs-ip34/home/def-ilafores/analysis/MethodsComparison/PD/preproc/SRR19064665/SRR19064665_unmatched_2.fastq,SRR19064665,caaf731be22e1a9235dbbb67908ed041,606345000,31,DNA,1000,606345,true,0.758250003503186,0.9187469457107769,0.8384984746069815,0.9187469457107769,238,4841583,7033625
267000,0.0004403433688741558,0.060904872389791184,0.00017316874056848823,0.00004037747249817839,2.704761904761905,2.0,1.9756797963223625,signatures/00955f91c07e524da4f3bf4ad81660ea.sig.gz,"GCA_900538545.1 uncultured Eggerthella sp., UMGS26",00955f91c07e524da4f3bf4ad81660ea,0.15487238979118328,105000,258,375591000,/nfs3_ib/nfs-ip34/home/def-ilafores/analysis/MethodsComparison/PD/preproc/SRR19064665/SRR19064665_unmatched_2.fastq,SRR19064665,caaf731be22e1a9235dbbb67908ed041,606345000,31,DNA,1000,606345,true,0.7793547889915242,0.9416079769438266,0.8604813829676754,0.9416079769438266,284,4841867,7033625
463000,0.0007635916846020005,0.031876138433515486,0.00017316874056848823,0.00016876077413851323,11.304761904761905,2.0,21.254970873846723,signatures/41ced143ca0b5e61a031abb93ac88d51.sig.gz,GCF_020687045.1 Brotocaccenecus cirricatena strain=CLA-AA-H272 ASM2068704v1,41ced143ca0b5e61a031abb93ac88d51,0.14055859137826351,105000,259,375486000,/nfs3_ib/nfs-ip34/home/def-ilafores/analysis/MethodsComparison/PD/preproc/SRR19064665/SRR19064665_unmatched_2.fastq,SRR19064665,caaf731be22e1a9235dbbb67908ed041,606345000,31,DNA,1000,606345,true,0.793317683698507,0.9386669544707031,0.8659923190846051,0.9386669544707031,1187,4843054,7033625
539000,0.0008889328682515729,0.04689593568557392,0.00017316874056848823,0.000043789653272672344,2.933333333333333,2.0,2.1437246921084707,signatures/ec9ca4b05e7be94d2316414691985392.sig.gz,"GCF_024463135.1 Streptococcus parasanguinis strain=DFI.4.46, ASM2446313v1",ec9ca4b05e7be94d2316414691985392,0.24073246985261276,105000,260,375381000,/nfs3_ib/nfs-ip34/home/def-ilafores/analysis/MethodsComparison/PD/preproc/SRR19064665/SRR19064665_unmatched_2.fastq,SRR19064665,caaf731be22e1a9235dbbb67908ed041,606345000,31,DNA,1000,606345,true,0.7972167560566327,0.9551014525077889,0.8761591042822108,0.9551014525077889,308,4843362,7033625
867000,0.001429879029265517,0.03489531405782652,0.00017316874056848823,0.00008203451278679201,5.495238095238095,3.0,11.609621469177899,signatures/4b88595a2d6b46fbc1efef7a8faf3923.sig.gz,GCF_934424575.1 uncultured Blautia sp. ERR7745545_bin.20,4b88595a2d6b46fbc1efef7a8faf3923,0.288135593220339,105000,261,375276000,/nfs3_ib/nfs-ip34/home/def-ilafores/analysis/MethodsComparison/PD/preproc/SRR19064665/SRR19064665_unmatched_2.fastq,SRR19064665,caaf731be22e1a9235dbbb67908ed041,606345000,31,DNA,1000,606345,true,0.8095346851699575,0.9606554307739457,0.8850950579719516,0.9606554307739457,577,4843939,7033625
2024000,0.0033380336277201925,0.015409690324492518,0.00017151951446783598,0.0002165313049814285,14.64423076923077,13.5,7.787957011199024,signatures/d0bde3e6526ca3c12f402123a43ebfc0.sig.gz,"GCA_019412825.1 Bacteroides thetaiotaomicron, ASM1941282v1",d0bde3e6526ca3c12f402123a43ebfc0,0.29989628093050824,104000,262,375172000,/nfs3_ib/nfs-ip34/home/def-ilafores/analysis/MethodsComparison/PD/preproc/SRR19064665/SRR19064665_unmatched_2.fastq,SRR19064665,caaf731be22e1a9235dbbb67908ed041,606345000,31,DNA,1000,606345,true,0.8319794579966656,0.9618959570557455,0.8969377075262055,0.9618959570557455,1523,4845462,7033625
508000,0.0008378068591313526,0.028642247314789315,0.00017151951446783598,0.0000597131635536441,4.038461538461538,2.0,4.889004690517828,signatures/5036bf2e3e86e6d799b60e324faa70e4.sig.gz,"GCA_022717655.1 Firmicutes bacterium, ASM2271765v1",5036bf2e3e86e6d799b60e324faa70e4,0.13990636188377858,104000,263,375068000,/nfs3_ib/nfs-ip34/home/def-ilafores/analysis/MethodsComparison/PD/preproc/SRR19064665/SRR19064665_unmatched_2.fastq,SRR19064665,caaf731be22e1a9235dbbb67908ed041,606345000,31,DNA,1000,606345,true,0.7956949061027138,0.9385261326779575,0.8671105193903357,0.9385261326779575,420,4845882,7033625
805000,0.0013276270110250765,0.03179455823907062,0.00017151951446783598,0.00007762711261973733,5.25,2.0,10.66874478955305,signatures/888d5c9074f0eba4fb60a0b7f12b8960.sig.gz,"GCF_900120195.1 Blautia sp. Marseille-P3087 strain=Marseille-P3087, PRJEB18016",888d5c9074f0eba4fb60a0b7f12b8960,0.2461021094466524,104000,264,374964000,/nfs3_ib/nfs-ip34/home/def-ilafores/analysis/MethodsComparison/PD/preproc/SRR19064665/SRR19064665_unmatched_2.fastq,SRR19064665,caaf731be22e1a9235dbbb67908ed041,606345000,31,DNA,1000,606345,true,0.807599427809799,0.9557813660238755,0.8816903969168373,0.9557813660238755,546,4846428,7033625
613000,0.001010975599699841,0.02033563672260612,0.0001698702883671837,0.0025110807016296716,171.4757281553398,14.0,425.50266891705576,signatures/894ebfeac80d6a527fbc03d1d52101ee.sig.gz,"GCA_900762515.1 uncultured Odoribacter sp., SRS144506_36",894ebfeac80d6a527fbc03d1d52101ee,0.12102665350444225,103000,265,374861000,/nfs3_ib/nfs-ip34/home/def-ilafores/analysis/MethodsComparison/PD/preproc/SRR19064665/SRR19064665_unmatched_2.fastq,SRR19064665,caaf731be22e1a9235dbbb67908ed041,606345000,31,DNA,1000,606345,true,0.8005320637362551,0.9341476313487115,0.8673398475424833,0.9341476313487115,17662,4864090,7033625
124000,0.00020450403648088135,0.04342327150084317,0.0001698702883671837,0.00004549574365991931,3.1067961165048543,2.0,8.105987983672394,signatures/49dcdd923b23ff76cce47322e7d74c92.sig.gz,GCA_902493155.1 uncultured Eubacteriales bacterium UHGG-TPA_MGYG-HGUT-04184,49dcdd923b23ff76cce47322e7d74c92,0.05227655986509275,103000,266,374758000,/nfs3_ib/nfs-ip34/home/def-ilafores/analysis/MethodsComparison/PD/preproc/SRR19064665/SRR19064665_unmatched_2.fastq,SRR19064665,caaf731be22e1a9235dbbb67908ed041,606345000,31,DNA,1000,606345,true,0.7603094411401972,0.9091908670615876,0.8347501541008924,0.9091908670615876,320,4864410,7033625
200000,0.0003298452201304538,0.03280285807080221,0.00016657183616587917,0.000023458742824645898,1.6336633663366336,1.0,0.9618749458376863,signatures/6e5f4342e4b326ad107b4ef92d005a60.sig.gz,"GCA_000508865.1 Clostridiales bacterium VE202-01 strain=VE202-01, ASM50886v1",6e5f4342e4b326ad107b4ef92d005a60,0.06495615459564794,101000,267,374657000,/nfs3_ib/nfs-ip34/home/def-ilafores/analysis/MethodsComparison/PD/preproc/SRR19064665/SRR19064665_unmatched_2.fastq,SRR19064665,caaf731be22e1a9235dbbb67908ed041,606345000,31,DNA,1000,606345,true,0.7721246645119569,0.9155823862889934,0.8438535254004751,0.9155823862889934,165,4864575,7033625
441000,0.0007273087103876506,0.029559562518474726,0.0001649226100652269,0.00014842986369048678,10.44,3.0,16.262422943706753,signatures/ba9c097781d61e9512f594f3c5dee5f9.sig.gz,"GCA_003573975.1 Clostridiales bacterium CCNA10 strain=CCNA10, ASM357397v1",ba9c097781d61e9512f594f3c5dee5f9,0.13035767070647356,100000,268,374557000,/nfs3_ib/nfs-ip34/home/def-ilafores/analysis/MethodsComparison/PD/preproc/SRR19064665/SRR19064665_unmatched_2.fastq,SRR19064665,caaf731be22e1a9235dbbb67908ed041,606345000,31,DNA,1000,606345,true,0.7920728409747338,0.9363883872316797,0.8642306141032068,0.9363883872316797,1044,4865619,7033625
155000,0.0002556300456011017,0.02034587995930824,0.0001649226100652269,0.00008160799018998027,5.74,2.0,17.688764795767963,signatures/b8560b59b39e05e1ef8e0c4f8bcfc92a.sig.gz,"GCF_009677585.1 Lactonifactor sp. BIOML-A5 strain=BIOML-A5, ASM967758v1",b8560b59b39e05e1ef8e0c4f8bcfc92a,0.03153611393692777,100000,269,374457000,/nfs3_ib/nfs-ip34/home/def-ilafores/analysis/MethodsComparison/PD/preproc/SRR19064665/SRR19064665_unmatched_2.fastq,SRR19064665,caaf731be22e1a9235dbbb67908ed041,606345000,31,DNA,1000,606345,true,0.7658020292501123,0.894487873587277,0.8301449514186947,0.894487873587277,574,4866193,7033625
1376000,0.002269335114497522,0.0166358595194085,0.00016327338396457462,0.0007919102880804706,56.26262626262626,30.0,111.3654994232487,signatures/ddc3bbfa80864ba686c6a00380ae271a.sig.gz,"GCF_000172175.1 Bacteroides intestinalis DSM 17393 strain=DSM 17393, ASM17217v1",ddc3bbfa80864ba686c6a00380ae271a,0.23122164342127374,99000,270,374358000,/nfs3_ib/nfs-ip34/home/def-ilafores/analysis/MethodsComparison/PD/preproc/SRR19064665/SRR19064665_unmatched_2.fastq,SRR19064665,caaf731be22e1a9235dbbb67908ed041,606345000,31,DNA,1000,606345,true,0.8216869839483288,0.9538603354043568,0.8877736596763428,0.9538603354043568,5570,4871763,7033625
540000,0.0008905820943522253,0.03068815871047737,0.00016327338396457462,0.00012937852103289555,9.191919191919192,2.0,19.49134838776599,signatures/ee3ee74bb22a2bc5e87b48390e19918a.sig.gz,"GCA_018223365.1 Clostridiaceae bacterium Marseille-Q4145 strain=Marseille-Q4145, ASM1822336v1",ee3ee74bb22a2bc5e87b48390e19918a,0.16738995660260383,99000,271,374259000,/nfs3_ib/nfs-ip34/home/def-ilafores/analysis/MethodsComparison/PD/preproc/SRR19064665/SRR19064665_unmatched_2.fastq,SRR19064665,caaf731be22e1a9235dbbb67908ed041,606345000,31,DNA,1000,606345,true,0.7972644250941882,0.9439717833118952,0.8706181042030416,0.9439717833118952,910,4872673,7033625
103000,0.0001698702883671837,0.04489234997709574,0.00016162415786392234,0.000028434839787449574,2.0408163265306123,1.0,6.900041950991874,signatures/a8e6cc355921b2925f334740aa58170e.sig.gz,"GCF_000425045.1 Acidaminococcus intestini DSM 21505 strain=DSM 21505, ASM42504v1",a8e6cc355921b2925f334740aa58170e,0.047182775996335316,98000,272,374161000,/nfs3_ib/nfs-ip34/home/def-ilafores/analysis/MethodsComparison/PD/preproc/SRR19064665/SRR19064665_unmatched_2.fastq,SRR19064665,caaf731be22e1a9235dbbb67908ed041,606345000,31,DNA,1000,606345,true,0.7557721507047455,0.9061890754127274,0.8309806130587365,0.9061890754127274,200,4872873,7033625
180000,0.0002968606981174084,0.03676470588235294,0.00015667647956196554,0.00011245979135936306,8.326315789473684,1.0,14.659246843052344,signatures/db9feafdd9d3e3f2fb5caf52a730ce6a.sig.gz,"GCF_000154465.1 Alistipes putredinis DSM 17216 strain=DSM 17216, ASM15446v1",db9feafdd9d3e3f2fb5caf52a730ce6a,0.0696594427244582,95000,273,374066000,/nfs3_ib/nfs-ip34/home/def-ilafores/analysis/MethodsComparison/PD/preproc/SRR19064665/SRR19064665_unmatched_2.fastq,SRR19064665,caaf731be22e1a9235dbbb67908ed041,606345000,31,DNA,1000,606345,true,0.7695048785883997,0.9176493769157151,0.8435771277520574,0.9176493769157151,791,4873664,7033625
941000,0.001551921760713785,0.02259475218658892,0.000153378027360661,0.000331550231921662,25.0752688172043,13.0,27.66164090606176,signatures/06f53d8a347ef84d19961ba77261cd81.sig.gz,GCA_003471165.1 Ruminococcus sp. AM22-13 strain=AM22-13 ASM347116v1,06f53d8a347ef84d19961ba77261cd81,0.22862001943634597,93000,274,373973000,/nfs3_ib/nfs-ip34/home/def-ilafores/analysis/MethodsComparison/PD/preproc/SRR19064665/SRR19064665_unmatched_2.fastq,SRR19064665,caaf731be22e1a9235dbbb67908ed041,606345000,31,DNA,1000,606345,true,0.8116763602693904,0.9535122268649647,0.8825942935671776,0.9535122268649647,2332,4875996,7033625
1786000,0.0029455178157649525,0.013292876751914463,0.00015172880126000874,0.0035911780909559437,274.55434782608694,43.5,2208.811245129725,signatures/1a29a479db0df60188246eadcb94a392.sig.gz,"GCF_000513195.1 Bacteroides timonensis, AP1",1a29a479db0df60188246eadcb94a392,0.2580551943360786,92000,275,373881000,/nfs3_ib/nfs-ip34/home/def-ilafores/analysis/MethodsComparison/PD/preproc/SRR19064665/SRR19064665_unmatched_2.fastq,SRR19064665,caaf731be22e1a9235dbbb67908ed041,606345000,31,DNA,1000,606345,true,0.8286288566565553,0.9572447370527731,0.8929367968546642,0.9572447370527731,25259,4901255,7033625
112000,0.0001847133232730541,0.03171247357293869,0.0001484303490587042,0.000024311788018269383,1.9,2.0,1.0440306508910548,signatures/61c3b4cf5a7abcf514464b61083d9c53.sig.gz,"GCA_905212515.1 uncultured Ruminococcaceae bacterium, SRR5558303-mag-bin.50",61c3b4cf5a7abcf514464b61083d9c53,0.03946441155743481,90000,276,373791000,/nfs3_ib/nfs-ip34/home/def-ilafores/analysis/MethodsComparison/PD/preproc/SRR19064665/SRR19064665_unmatched_2.fastq,SRR19064665,caaf731be22e1a9235dbbb67908ed041,606345000,31,DNA,1000,606345,true,0.75781720112178,0.9009824067273414,0.8293998039245607,0.9009824067273414,171,4901426,7033625
93000,0.000153378027360661,0.041666666666666664,0.0001484303490587042,0.00001535481348522277,1.2,1.0,0.4,signatures/b8effa7ac6f46d5ee7c6cccd3c2ee7a8.sig.gz,"GCA_902362275.1 Coriobacteriaceae bacterium, MGYG-HGUT-00017",b8effa7ac6f46d5ee7c6cccd3c2ee7a8,0.043055555555555555,90000,277,373701000,/nfs3_ib/nfs-ip34/home/def-ilafores/analysis/MethodsComparison/PD/preproc/SRR19064665/SRR19064665_unmatched_2.fastq,SRR19064665,caaf731be22e1a9235dbbb67908ed041,606345000,31,DNA,1000,606345,true,0.7532863564470234,0.9035172025099963,0.8284017794785099,0.9035172025099963,108,4901534,7033625
166000,0.00027377153270827665,0.014657444005270092,0.00014678112295805193,0.00004051964669711564,3.202247191011236,2.0,5.334180170954103,signatures/ef68cc6a6319ffa9e2f4ba12bd0ee899.sig.gz,"GCF_900461125.1 Blautia coccoides strain=NCTC11035, 49699_D02",ef68cc6a6319ffa9e2f4ba12bd0ee899,0.027338603425559948,89000,278,373612000,/nfs3_ib/nfs-ip34/home/def-ilafores/analysis/MethodsComparison/PD/preproc/SRR19064665/SRR19064665_unmatched_2.fastq,SRR19064665,caaf731be22e1a9235dbbb67908ed041,606345000,31,DNA,1000,606345,true,0.7674976272777256,0.8903759686846766,0.8289367979812011,0.8903759686846766,285,4901819,7033625
249000,0.00041065729906241495,0.012134583563154992,0.00014513189685739966,0.00013563418578613445,10.840909090909092,2.0,25.399483872546217,signatures/29611fa36bb9b07cc99128b0c8d4c87f.sig.gz,"GCA_022845955.1 Lachnospiraceae bacterium strain=CE91-St56, ASM2284595v1",29611fa36bb9b07cc99128b0c8d4c87f,0.03433535576392719,88000,279,373524000,/nfs3_ib/nfs-ip34/home/def-ilafores/analysis/MethodsComparison/PD/preproc/SRR19064665/SRR19064665_unmatched_2.fastq,SRR19064665,caaf731be22e1a9235dbbb67908ed041,606345000,31,DNA,1000,606345,true,0.7776020640889978,0.8969450893434981,0.837273576716248,0.8969450893434981,954,4902773,7033625
109000,0.0001797656449710973,0.03873552983081033,0.0001434826707567474,0.000023885265421457642,1.9310344827586208,1.0,1.4043700551081624,signatures/e43897bfe79b05a0dde2d5fd666e20a2.sig.gz,"GCF_014384805.1 Guopingia tenuis strain=NSJ-63, ASM1438480v1",e43897bfe79b05a0dde2d5fd666e20a2,0.04853072128227961,87000,280,373437000,/nfs3_ib/nfs-ip34/home/def-ilafores/analysis/MethodsComparison/PD/preproc/SRR19064665/SRR19064665_unmatched_2.fastq,SRR19064665,caaf731be22e1a9235dbbb67908ed041,606345000,31,DNA,1000,606345,true,0.7571537663227007,0.9070128573078923,0.8320833118152965,0.9070128573078923,168,4902941,7033625
974000,0.0016063462220353099,0.033231474407944994,0.0001434826707567474,0.00035813680712292736,28.95402298850575,23.0,25.40744213807191,signatures/7108e92619b903654cd875e33d69a01d.sig.gz,GCA_003464165.1 Eubacterium sp. AM49-13BH strain=AM49-13BH ASM346416v1,7108e92619b903654cd875e33d69a01d,0.37203972498090143,87000,281,373350000,/nfs3_ib/nfs-ip34/home/def-ilafores/analysis/MethodsComparison/PD/preproc/SRR19064665/SRR19064665_unmatched_2.fastq,SRR19064665,caaf731be22e1a9235dbbb67908ed041,606345000,31,DNA,1000,606345,true,0.8125793458561934,0.9686079793151718,0.8905936625856826,0.9686079793151718,2519,4905460,7033625
172000,0.00028366688931219026,0.032924961715160794,0.00014183344465609513,0.00001876699425971672,1.5348837209302326,1.0,0.7879569463301123,signatures/09a733b1bc16d57b28af752939010678.sig.gz,"GCF_000153925.1 [Ruminococcus] torques ATCC 27756 strain=ATCC 27756, ASM15392v1",09a733b1bc16d57b28af752939010678,0.06584992343032159,86000,282,373264000,/nfs3_ib/nfs-ip34/home/def-ilafores/analysis/MethodsComparison/PD/preproc/SRR19064665/SRR19064665_unmatched_2.fastq,SRR19064665,caaf731be22e1a9235dbbb67908ed041,606345000,31,DNA,1000,606345,true,0.7683772050715834,0.9159860925651989,0.8421816488183911,0.9159860925651989,132,4905592,7033625
90000,0.0001484303490587042,0.02736239261851734,0.00014183344465609513,0.000028150491389575077,2.302325581395349,2.0,1.6710236901571807,signatures/e8605a9ea870c376247ec0446d5ce47b.sig.gz,"GCF_006546825.1 Actinomyces oris strain=CCUG 34288, ASM654682v1",e8605a9ea870c376247ec0446d5ce47b,0.028635062042634427,86000,283,373178000,/nfs3_ib/nfs-ip34/home/def-ilafores/analysis/MethodsComparison/PD/preproc/SRR19064665/SRR19064665_unmatched_2.fastq,SRR19064665,caaf731be22e1a9235dbbb67908ed041,606345000,31,DNA,1000,606345,true,0.752489999425785,0.8917077070428062,0.8220988532342957,0.8917077070428062,198,4905790,7033625
762000,0.0012567102886970288,0.023430962343096235,0.0001385349924547906,0.0003127832376619453,26.19047619047619,13.5,46.61122800317235,signatures/b2cb449359263424b624c31f539ed929.sig.gz,"GCF_003478035.1 Clostridium sp. OF03-18AA strain=OF03-18AA, ASM347803v1",b2cb449359263424b624c31f539ed929,0.2125523012552301,84000,284,373094000,/nfs3_ib/nfs-ip34/home/def-ilafores/analysis/MethodsComparison/PD/preproc/SRR19064665/SRR19064665_unmatched_2.fastq,SRR19064665,caaf731be22e1a9235dbbb67908ed041,606345000,31,DNA,1000,606345,true,0.8061705722338048,0.9512733908084638,0.8787219815211343,0.9512733908084638,2200,4907990,7033625
441000,0.0007273087103876506,0.029307909604519775,0.00013688576635413833,0.000056158808580212904,4.759036144578313,4.0,4.300715439069434,signatures/750782e7ba508a7bc87995ff151515ee.sig.gz,"GCF_018918185.1 Eubacterium sp. MSJ-21 strain=MSJ-21, ASM1891818v1",750782e7ba508a7bc87995ff151515ee,0.15572033898305085,83000,285,373011000,/nfs3_ib/nfs-ip34/home/def-ilafores/analysis/MethodsComparison/PD/preproc/SRR19064665/SRR19064665_unmatched_2.fastq,SRR19064665,caaf731be22e1a9235dbbb67908ed041,606345000,31,DNA,1000,606345,true,0.7920728409747338,0.9417738425362153,0.8669233417554746,0.9417738425362153,395,4908385,7033625
1041000,0.001716844370779012,0.02826975476839237,0.00013688576635413833,0.00047216051467060014,40.01204819277108,46.0,32.14443832270234,signatures/78db35fa6d9edc0fa99c8623efbe174d.sig.gz,"GCF_023347295.1 Faecalibacterium sp. I3333 strain=I3333, ASM2334729v1",78db35fa6d9edc0fa99c8623efbe174d,0.35456403269754766,83000,286,372928000,/nfs3_ib/nfs-ip34/home/def-ilafores/analysis/MethodsComparison/PD/preproc/SRR19064665/SRR19064665_unmatched_2.fastq,SRR19064665,caaf731be22e1a9235dbbb67908ed041,606345000,31,DNA,1000,606345,true,0.8143250073900722,0.9671058757092821,0.8907154415496772,0.9671058757092821,3321,4911706,7033625
88000,0.00014513189685739966,0.03238392508778775,0.00013688576635413833,0.00002601787840551636,2.2048192771084336,2.0,1.5190281939734451,signatures/0512d11d7e7db3649d851cd56e72ae09.sig.gz,GCF_029023865.1 Lactococcus lactis strain=DSM 20481 ASM2902386v1,0512d11d7e7db3649d851cd56e72ae09,0.034334763948497854,83000,287,372845000,/nfs3_ib/nfs-ip34/home/def-ilafores/analysis/MethodsComparison/PD/preproc/SRR19064665/SRR19064665_unmatched_2.fastq,SRR19064665,caaf731be22e1a9235dbbb67908ed041,606345000,31,DNA,1000,606345,true,0.751944693901247,0.8969445906283996,0.8244446422648233,0.8969445906283996,183,4911889,7033625
651000,0.001073646191524627,0.03500632644453817,0.00013688576635413833,0.00006739057029625548,5.710843373493976,5.0,4.073215835249634,signatures/67db9c9639d1896246e0d0a0450cf29e.sig.gz,"GCA_934322085.1 uncultured Eubacterium sp., ERR7738664_bin.12",67db9c9639d1896246e0d0a0450cf29e,0.2745676929565584,83000,288,372762000,/nfs3_ib/nfs-ip34/home/def-ilafores/analysis/MethodsComparison/PD/preproc/SRR19064665/SRR19064665_unmatched_2.fastq,SRR19064665,caaf731be22e1a9235dbbb67908ed041,606345000,31,DNA,1000,606345,true,0.8020867251247562,0.9591618954377276,0.8806243102812419,0.9591618954377276,474,4912363,7033625
86000,0.00014183344465609513,0.02974910394265233,0.00013688576635413833,0.000038102685315182426,3.2289156626506026,2.0,3.3700498770211254,signatures/a6ec967c1b5f2962e9c4f941c3398c6f.sig.gz,GCA_902462325.1 uncultured Peptococcaceae bacterium UHGG-TPA_MGYG-HGUT-00413,a6ec967c1b5f2962e9c4f941c3398c6f,0.03082437275985663,83000,289,372679000,/nfs3_ib/nfs-ip34/home/def-ilafores/analysis/MethodsComparison/PD/preproc/SRR19064665/SRR19064665_unmatched_2.fastq,SRR19064665,caaf731be22e1a9235dbbb67908ed041,606345000,31,DNA,1000,606345,true,0.7513872604209613,0.8938294364442653,0.8226083484326132,0.8938294364442653,268,4912631,7033625
249000,0.00041065729906241495,0.01944704779756326,0.00013688576635413833,0.0002681405391956495,22.72289156626506,21.0,22.802088919849517,signatures/ccbe2562378c9108512ff0e7cb4aab32.sig.gz,"GCF_900091655.1 Culturomica massiliensis strain=Marseille-P2698, PRJEB14541",ccbe2562378c9108512ff0e7cb4aab32,0.05834114339268978,83000,290,372596000,/nfs3_ib/nfs-ip34/home/def-ilafores/analysis/MethodsComparison/PD/preproc/SRR19064665/SRR19064665_unmatched_2.fastq,SRR19064665,caaf731be22e1a9235dbbb67908ed041,606345000,31,DNA,1000,606345,true,0.7776020640889978,0.9124156795748558,0.8450088718319269,0.9124156795748558,1886,4914517,7033625
119000,0.00019625790597762,0.01486123545210385,0.00013688576635413833,0.00002516483321189287,2.1325301204819276,2.0,2.368320457890239,signatures/916aa759618e2acd1381b2e34e663345.sig.gz,"GCF_024622195.1 Murimonas intestini strain=DSM 26524, ASM2462219v1",916aa759618e2acd1381b2e34e663345,0.021307072515666964,83000,291,372513000,/nfs3_ib/nfs-ip34/home/def-ilafores/analysis/MethodsComparison/PD/preproc/SRR19064665/SRR19064665_unmatched_2.fastq,SRR19064665,caaf731be22e1a9235dbbb67908ed041,606345000,31,DNA,1000,606345,true,0.7593006635004992,0.8832454571616875,0.8212730603310934,0.8832454571616875,177,4914694,7033625
1693000,0.0027921397884042914,0.020505126281570394,0.00013523654025348605,0.0010613303950665553,91.03658536585365,47.0,97.03789115622615,signatures/368314a9cda1fb73c39f56f1ff8da594.sig.gz,"GCA_900760795.1 Bacteroidaceae bacterium, SRS021948_34",368314a9cda1fb73c39f56f1ff8da594,0.42335583895973994,82000,292,372431000,/nfs3_ib/nfs-ip34/home/def-ilafores/analysis/MethodsComparison/PD/preproc/SRR19064665/SRR19064665_unmatched_2.fastq,SRR19064665,caaf731be22e1a9235dbbb67908ed041,606345000,31,DNA,1000,606345,true,0.8272006672094316,0.9726537010712528,0.8999271841403422,0.9726537010712528,7465,4922159,7033625
94000,0.0001550272534613133,0.027406417112299464,0.00013523654025348605,0.000022890046028896907,1.9634146341463414,2.0,1.0528141377120321,signatures/1cff69572b20a6aa19d06c263d293185.sig.gz,"GCA_020558355.1 bacterium 210820-DFI.6.37 strain=DFI.6.37, ASM2055835v1",1cff69572b20a6aa19d06c263d293185,0.03141711229946524,82000,293,372349000,/nfs3_ib/nfs-ip34/home/def-ilafores/analysis/MethodsComparison/PD/preproc/SRR19064665/SRR19064665_unmatched_2.fastq,SRR19064665,caaf731be22e1a9235dbbb67908ed041,606345000,31,DNA,1000,606345,true,0.7535462921029417,0.894378791926935,0.8239625420149383,0.894378791926935,161,4922320,7033625
117000,0.00019295945377631547,0.01937160406331207,0.00013523654025348605,0.00003668094332580995,3.1463414634146343,2.0,5.428295225403133,signatures/360132f932a1a85a6cebdceebeae25cd.sig.gz,"GCF_022867805.1 Cuneatibacter sp. NSJ-177 strain=NSJ-177, ASM2286780v1",360132f932a1a85a6cebdceebeae25cd,0.027639971651311126,82000,294,372267000,/nfs3_ib/nfs-ip34/home/def-ilafores/analysis/MethodsComparison/PD/preproc/SRR19064665/SRR19064665_unmatched_2.fastq,SRR19064665,caaf731be22e1a9235dbbb67908ed041,606345000,31,DNA,1000,606345,true,0.7588856217854578,0.8906909079862559,0.8247882648858569,0.8906909079862559,258,4922578,7033625
752000,0.0012402180276905063,0.0234620886981402,0.00013523654025348605,0.00006881231228562797,5.902439024390244,3.0,6.1695747493441875,signatures/f299b236b2c90ca07a476b089611b3c0.sig.gz,"GCF_013304825.1 Blautia schinkii strain=MSK.6.26, ASM1330482v1",f299b236b2c90ca07a476b089611b3c0,0.2151645207439199,82000,295,372185000,/nfs3_ib/nfs-ip34/home/def-ilafores/analysis/MethodsComparison/PD/preproc/SRR19064665/SRR19064665_unmatched_2.fastq,SRR19064665,caaf731be22e1a9235dbbb67908ed041,606345000,31,DNA,1000,606345,true,0.8058271067083892,0.951648292974143,0.8787376998412662,0.951648292974143,484,4923062,7033625
559000,0.0009219173902646183,0.021709997319753416,0.00013358731415283377,0.00023871048001563916,20.728395061728396,18.0,20.096073165756348,signatures/0e52a65e33f6ee0b7a154267a57215c3.sig.gz,"GCA_902363675.1 Lachnospiraceae bacterium, MGYG-HGUT-00136",0e52a65e33f6ee0b7a154267a57215c3,0.14982578397212543,81000,296,372104000,/nfs3_ib/nfs-ip34/home/def-ilafores/analysis/MethodsComparison/PD/preproc/SRR19064665/SRR19064665_unmatched_2.fastq,SRR19064665,caaf731be22e1a9235dbbb67908ed041,606345000,31,DNA,1000,606345,true,0.7981542654946121,0.9406022602809251,0.8693782628877686,0.9406022602809251,1679,4924741,7033625
396000,0.0006530935358582985,0.026410172807303553,0.00013358731415283377,0.00009241322930921112,8.024691358024691,2.0,18.173359493365844,signatures/9ab671fa6983f6c9a2d4ab9bd5e10b75.sig.gz,GCA_902474825.1 uncultured Eubacteriales bacterium UHGG-TPA_MGYG-HGUT-02006,9ab671fa6983f6c9a2d4ab9bd5e10b75,0.12911640039126182,81000,297,372023000,/nfs3_ib/nfs-ip34/home/def-ilafores/analysis/MethodsComparison/PD/preproc/SRR19064665/SRR19064665_unmatched_2.fastq,SRR19064665,caaf731be22e1a9235dbbb67908ed041,606345000,31,DNA,1000,606345,true,0.7893275666964765,0.9360994303645351,0.8627134985305058,0.9360994303645351,650,4925391,7033625
82000,0.00013523654025348605,0.014435221941537351,0.00013193808805218152,0.00002175265243739892,1.9125,2.0,1.108983205463455,signatures/feb126a06038632037f5348de31358f8.sig.gz,"GCF_000828055.2 Klebsiella variicola strain=DSM 15968, ASM82805v2",feb126a06038632037f5348de31358f8,0.014796102490075786,80000,298,371943000,/nfs3_ib/nfs-ip34/home/def-ilafores/analysis/MethodsComparison/PD/preproc/SRR19064665/SRR19064665_unmatched_2.fastq,SRR19064665,caaf731be22e1a9235dbbb67908ed041,606345000,31,DNA,1000,606345,true,0.7502337239090808,0.8729160816779598,0.8115749027935203,0.8729160816779598,153,4925544,7033625
98000,0.00016162415786392234,0.019827147941026944,0.00012863963585087697,0.000024169613819332136,2.1794871794871793,2.0,1.5749936079934577,signatures/18b41cb01658413f5565c0807881daf6.sig.gz,"GCF_014384895.1 Bianquea renquensis strain=NSJ-32, ASM1438489v1",18b41cb01658413f5565c0807881daf6,0.02491103202846975,78000,299,371865000,/nfs3_ib/nfs-ip34/home/def-ilafores/analysis/MethodsComparison/PD/preproc/SRR19064665/SRR19064665_unmatched_2.fastq,SRR19064665,caaf731be22e1a9235dbbb67908ed041,606345000,31,DNA,1000,606345,true,0.7545599508793843,0.887709158759281,0.8211345548193327,0.887709158759281,170,4925714,7033625
592000,0.0009763418515861432,0.026545581557806498,0.00012534118364957244,0.0001636425029767723,15.144736842105264,7.0,23.33604843390791,signatures/975ff2182ed7ebf52419fe49c4a7985d.sig.gz,"GCF_002549775.1 Faecalibacterium prausnitzii strain=CNCM I 4541, ASM254977v1",975ff2182ed7ebf52419fe49c4a7985d,0.20677610897659798,76000,300,371789000,/nfs3_ib/nfs-ip34/home/def-ilafores/analysis/MethodsComparison/PD/preproc/SRR19064665/SRR19064665_unmatched_2.fastq,SRR19064665,caaf731be22e1a9235dbbb67908ed041,606345000,31,DNA,1000,606345,true,0.799632402303788,0.9504283153325105,0.8750303588181492,0.9504283153325105,1151,4926865,7033625
113000,0.0001863625493737064,0.020223523150612027,0.00012534118364957244,0.000044927046864170326,4.157894736842105,1.5,14.981613847066136,signatures/4a0a4ccf84ababa1f62e38415ad37d82.sig.gz,"GCA_900546265.1 uncultured Ruminococcaceae bacterium, UMGS856",4a0a4ccf84ababa1f62e38415ad37d82,0.0300691857370942,76000,301,371713000,/nfs3_ib/nfs-ip34/home/def-ilafores/analysis/MethodsComparison/PD/preproc/SRR19064665/SRR19064665_unmatched_2.fastq,SRR19064665,caaf731be22e1a9235dbbb67908ed041,606345000,31,DNA,1000,606345,true,0.7580345289641793,0.8931145210540001,0.8255745250090898,0.8931145210540001,316,4927181,7033625
419000,0.0006910257361733007,0.023749208359721344,0.00012369195754892017,0.00004023529829924115,3.7733333333333334,2.0,7.6934142110133505,signatures/9395a6c49ddeded3ae11fb356cafc064.sig.gz,"GCA_900542495.1 uncultured Roseburia sp., UMGS472",9395a6c49ddeded3ae11fb356cafc064,0.13267891070297658,75000,302,371638000,/nfs3_ib/nfs-ip34/home/def-ilafores/analysis/MethodsComparison/PD/preproc/SRR19064665/SRR19064665_unmatched_2.fastq,SRR19064665,caaf731be22e1a9235dbbb67908ed041,606345000,31,DNA,1000,606345,true,0.7907663873315405,0.9369216768491386,0.8638440320903396,0.9369216768491386,283,4927464,7033625
587000,0.0009680957210828819,0.021599532983070636,0.0001220427314482679,0.0012123193943379125,115.22972972972973,130.0,87.29377973835267,signatures/906bdc24ee9fe544de890358285baa26.sig.gz,GCF_021204515.1 Alistipes sp. ASM2120451v1,906bdc24ee9fe544de890358285baa26,0.17133683596030355,74000,303,371564000,/nfs3_ib/nfs-ip34/home/def-ilafores/analysis/MethodsComparison/PD/preproc/SRR19064665/SRR19064665_unmatched_2.fastq,SRR19064665,caaf731be22e1a9235dbbb67908ed041,606345000,31,DNA,1000,606345,true,0.7994136472590515,0.9446817116798223,0.872047679469437,0.9446817116798223,8527,4935991,7033625
132000,0.0002176978452860995,0.027661993179234557,0.00012039350534761563,0.000020046562050151948,1.9315068493150684,2.0,1.2422777039731105,signatures/33632991a31eb443faa1d3da55dcb608.sig.gz,"GCA_934351835.1 uncultured Lachnospiraceae bacterium, ERR7738249_bin.36",33632991a31eb443faa1d3da55dcb608,0.05001894657067071,73000,304,371491000,/nfs3_ib/nfs-ip34/home/def-ilafores/analysis/MethodsComparison/PD/preproc/SRR19064665/SRR19064665_unmatched_2.fastq,SRR19064665,caaf731be22e1a9235dbbb67908ed041,606345000,31,DNA,1000,606345,true,0.7618443696462343,0.9078970356475006,0.8348707026468674,0.9078970356475006,141,4936132,7033625
525000,0.0008658437028424412,0.028120184899845916,0.00012039350534761563,0.000037107465922621694,3.5753424657534247,3.0,4.203448708751037,signatures/c99c7ce41dc603c4ba7eef904763646b.sig.gz,"GCA_934359255.1 uncultured Ruminococcus sp., ERR7746048_bin.107",c99c7ce41dc603c4ba7eef904763646b,0.20223420647149462,73000,305,371418000,/nfs3_ib/nfs-ip34/home/def-ilafores/analysis/MethodsComparison/PD/preproc/SRR19064665/SRR19064665_unmatched_2.fastq,SRR19064665,caaf731be22e1a9235dbbb67908ed041,606345000,31,DNA,1000,606345,true,0.7965402497342893,0.9497476188606825,0.8731439342974858,0.9497476188606825,261,4936393,7033625
77000,0.00012699040975022472,0.025950942054745824,0.00012039350534761563,0.000023743091222520392,2.287671232876712,2.0,1.5569504092435584,signatures/3e9eef4c6169be1e64d58fe3956cd460.sig.gz,GCA_938028585.1 uncultured Actinomyces sp. ERR589726_bin.15_CONCOCT_v1.1_MAG,3e9eef4c6169be1e64d58fe3956cd460,0.027372911482403128,73000,306,371345000,/nfs3_ib/nfs-ip34/home/def-ilafores/analysis/MethodsComparison/PD/preproc/SRR19064665/SRR19064665_unmatched_2.fastq,SRR19064665,caaf731be22e1a9235dbbb67908ed041,606345000,31,DNA,1000,606345,true,0.7487126848720875,0.8904119906956699,0.8195623377838788,0.8904119906956699,167,4936560,7033625
479000,0.0007899793022124368,0.036308623298033284,0.00011874427924696336,0.0006067994810641738,59.27777777777778,64.0,31.143584243085648,signatures/9aee49284867dbc6e5852ed10c91fc2e.sig.gz,"GCA_900317855.1 uncultured Clostridiales bacterium, Rumen uncultured genome RUG332",9aee49284867dbc6e5852ed10c91fc2e,0.2415532022188603,72000,307,371273000,/nfs3_ib/nfs-ip34/home/def-ilafores/analysis/MethodsComparison/PD/preproc/SRR19064665/SRR19064665_unmatched_2.fastq,SRR19064665,caaf731be22e1a9235dbbb67908ed041,606345000,31,DNA,1000,606345,true,0.7941875735894526,0.9552063196102055,0.8746969465998291,0.9552063196102055,4268,4940828,7033625
654000,0.001078593869826584,0.017603911980440097,0.00011874427924696336,0.00006852796388775347,6.694444444444445,4.0,7.723770827935609,signatures/9339949239b5932e2aee9a8671988c41.sig.gz,GCF_025566865.1 Blautia acetigignens strain=Sanger_28 ASM2556686v1,9339949239b5932e2aee9a8671988c41,0.15990220048899756,72000,308,371201000,/nfs3_ib/nfs-ip34/home/def-ilafores/analysis/MethodsComparison/PD/preproc/SRR19064665/SRR19064665_unmatched_2.fastq,SRR19064665,caaf731be22e1a9235dbbb67908ed041,606345000,31,DNA,1000,606345,true,0.8022056939970043,0.942579272201169,0.8723924830990866,0.942579272201169,482,4941310,7033625
101000,0.00016657183616587917,0.03133274492497794,0.0001170950531463111,0.00002857701398638682,2.8309859154929575,2.0,5.2621045313061945,signatures/2e8d4e1d3b038a17589a3cf1a4ae681f.sig.gz,"GCA_900543415.1 uncultured Dorea sp., UMGS566",2e8d4e1d3b038a17589a3cf1a4ae681f,0.04457193292144748,71000,309,371130000,/nfs3_ib/nfs-ip34/home/def-ilafores/analysis/MethodsComparison/PD/preproc/SRR19064665/SRR19064665_unmatched_2.fastq,SRR19064665,caaf731be22e1a9235dbbb67908ed041,606345000,31,DNA,1000,606345,true,0.7552942522960151,0.9045265890087204,0.8299104206523678,0.9045265890087204,201,4941511,7033625
569000,0.000938409651271141,0.020190366310931643,0.00011544582704565882,0.0002034512786792017,20.442857142857143,8.0,29.721389947446315,signatures/864205b788be283702dc30e52bd2d6e9.sig.gz,"GCA_905209435.1 uncultured Blautia sp., ERR260180-mag-bin.4",864205b788be283702dc30e52bd2d6e9,0.16411883472743005,70000,310,371060000,/nfs3_ib/nfs-ip34/home/def-ilafores/analysis/MethodsComparison/PD/preproc/SRR19064665/SRR19064665_unmatched_2.fastq,SRR19064665,caaf731be22e1a9235dbbb67908ed041,606345000,31,DNA,1000,606345,true,0.7986109135639389,0.9433710179961009,0.8709909657800199,0.9433710179961009,1431,4942942,7033625
366000,0.0006036167528387304,0.0288659793814433,0.00011544582704565882,0.00013407026959782475,13.471428571428572,10.5,12.567215203026631,signatures/f6429d724d5b86af3c741638eedd8b73.sig.gz,"GCA_003447295.1 Lachnospiraceae bacterium, ASM344729v1",f6429d724d5b86af3c741638eedd8b73,0.1509278350515464,70000,311,370990000,/nfs3_ib/nfs-ip34/home/def-ilafores/analysis/MethodsComparison/PD/preproc/SRR19064665/SRR19064665_unmatched_2.fastq,SRR19064665,caaf731be22e1a9235dbbb67908ed041,606345000,31,DNA,1000,606345,true,0.7873241805373318,0.9408246519233072,0.8640744162303196,0.9408246519233072,943,4943885,7033625
330000,0.0005442446132152487,0.019162332329592115,0.00011544582704565882,0.0007988768238283957,80.27142857142857,42.0,84.64715359800883,signatures/00191848f4049b7a1cb875559983f7c7.sig.gz,GCF_025145845.1 Alistipes shahii WAL 8301 strain=WAL 8301 ASM2514584v1,00191848f4049b7a1cb875559983f7c7,0.0903367095537914,70000,312,370920000,/nfs3_ib/nfs-ip34/home/def-ilafores/analysis/MethodsComparison/PD/preproc/SRR19064665/SRR19064665_unmatched_2.fastq,SRR19064665,caaf731be22e1a9235dbbb67908ed041,606345000,31,DNA,1000,606345,true,0.7846988872400472,0.9253759370904341,0.8550374121652407,0.9253759370904341,5619,4949504,7033625
111000,0.00018306409717240186,0.02841845140032949,0.00011379660094500656,0.000022321349233147916,2.2753623188405796,2.0,1.7184763893080164,signatures/fcc612bcfe2880cc4ea9a43e2bdc5f2a.sig.gz,GCF_000411415.1 Actinomyces sp. HPA0247 strain=HPA0247 Acti_sp_HPA0247_V1,fcc612bcfe2880cc4ea9a43e2bdc5f2a,0.0457166392092257,69000,313,370851000,/nfs3_ib/nfs-ip34/home/def-ilafores/analysis/MethodsComparison/PD/preproc/SRR19064665/SRR19064665_unmatched_2.fastq,SRR19064665,caaf731be22e1a9235dbbb67908ed041,606345000,31,DNA,1000,606345,true,0.7575979872731223,0.9052667936985146,0.8314323904858185,0.9052667936985146,157,4949661,7033625
280000,0.0004617833081826353,0.02280237937871778,0.00011379660094500656,0.000030283104373633794,3.0869565217391304,2.0,4.639899831611131,signatures/5ead56c77a195e174c9058c539e8ca3f.sig.gz,"GCA_934418055.1 uncultured Lachnospiraceae bacterium, ERR7738249_bin.10",5ead56c77a195e174c9058c539e8ca3f,0.09253139458030403,69000,314,370782000,/nfs3_ib/nfs-ip34/home/def-ilafores/analysis/MethodsComparison/PD/preproc/SRR19064665/SRR19064665_unmatched_2.fastq,SRR19064665,caaf731be22e1a9235dbbb67908ed041,606345000,31,DNA,1000,606345,true,0.7805509079600601,0.9260927564865193,0.8533218322232897,0.9260927564865193,213,4949874,7033625
402000,0.0006629888924622121,0.011956333391093399,0.00011379660094500656,0.0006076525262577974,61.94202898550725,30.0,81.1709386236394,signatures/491b4aa96e3418874458ad3fce74fb3b.sig.gz,GCA_030844565.1 Bacteroides ovatus ASM3084456v1,491b4aa96e3418874458ad3fce74fb3b,0.06965863801767458,69000,315,370713000,/nfs3_ib/nfs-ip34/home/def-ilafores/analysis/MethodsComparison/PD/preproc/SRR19064665/SRR19064665_unmatched_2.fastq,SRR19064665,caaf731be22e1a9235dbbb67908ed041,606345000,31,DNA,1000,606345,true,0.7897105567156405,0.9176490349558206,0.8536797958357305,0.9176490349558206,4274,4954148,7033625
887000,0.0014628635512785625,0.020110754881958612,0.00011379660094500656,0.00004435835006842133,4.521739130434782,2.0,7.280326270066042,signatures/8d6533932a9329431a562a008a9885c3.sig.gz,"GCF_014297355.1 Blautia sp. 2744 strain=2744, ASM1429735v1",8d6533932a9329431a562a008a9885c3,0.25852521130865636,69000,316,370644000,/nfs3_ib/nfs-ip34/home/def-ilafores/analysis/MethodsComparison/PD/preproc/SRR19064665/SRR19064665_unmatched_2.fastq,SRR19064665,caaf731be22e1a9235dbbb67908ed041,606345000,31,DNA,1000,606345,true,0.8101304608249378,0.9573009297356417,0.8837156952802898,0.9573009297356417,312,4954460,7033625
70000,0.00011544582704565882,0.030357142857142857,0.00011214737484435428,0.000011516110113917077,1.1911764705882353,1.0,0.46200817860014737,signatures/4a2b47d34bd15d9d4bd0eea00bcee953.sig.gz,"GCF_000196555.1 Bifidobacterium longum subsp. longum JCM 1217 strain=JCM 1217, ASM19655v1",4a2b47d34bd15d9d4bd0eea00bcee953,0.03125,68000,317,370576000,/nfs3_ib/nfs-ip34/home/def-ilafores/analysis/MethodsComparison/PD/preproc/SRR19064665/SRR19064665_unmatched_2.fastq,SRR19064665,caaf731be22e1a9235dbbb67908ed041,606345000,31,DNA,1000,606345,true,0.7464142863526271,0.8942249331776564,0.8203196097651417,0.8942249331776564,81,4954541,7033625
533000,0.0008790375116476593,0.02713487629688747,0.00011214737484435428,0.00003497485293856297,3.6176470588235294,3.0,3.1390772893278207,signatures/82db939148662b2ef60cf5ce3a03f165.sig.gz,GCA_902478715.1 uncultured Adlercreutzia sp. UHGG-TPA_MGYG-HGUT-02712,82db939148662b2ef60cf5ce3a03f165,0.21268954509177973,68000,318,370508000,/nfs3_ib/nfs-ip34/home/def-ilafores/analysis/MethodsComparison/PD/preproc/SRR19064665/SRR19064665_unmatched_2.fastq,SRR19064665,caaf731be22e1a9235dbbb67908ed041,606345000,31,DNA,1000,606345,true,0.7969289318539468,0.9512931985537174,0.8741110652038321,0.9512931985537174,246,4954787,7033625
275000,0.00045353717767937393,0.02657288003126221,0.00011214737484435428,0.000799018998027333,82.6470588235294,22.5,108.5084389108925,signatures/1c3ea5fbf00ea2a5dc8cb8d21cd793e8.sig.gz,"GCA_900757715.1 uncultured Veillonella sp., ERS537359_13",1c3ea5fbf00ea2a5dc8cb8d21cd793e8,0.10746385306760453,68000,319,370440000,/nfs3_ib/nfs-ip34/home/def-ilafores/analysis/MethodsComparison/PD/preproc/SRR19064665/SRR19064665_unmatched_2.fastq,SRR19064665,caaf731be22e1a9235dbbb67908ed041,606345000,31,DNA,1000,606345,true,0.7800973507270729,0.9305728985676438,0.8553351246473584,0.9305728985676438,5620,4960407,7033625
1037000,0.0017102474663764028,0.025203854707190512,0.00011214737484435428,0.0010964474222040555,113.41176470588235,116.5,93.68709423553265,signatures/eeb695a1e6e0e337d3fe9bb8e8223271.sig.gz,GCA_948956705.1 uncultured Phocaeicola sp. MGBC101826,eeb695a1e6e0e337d3fe9bb8e8223271,0.3843587842846553,68000,320,370372000,/nfs3_ib/nfs-ip34/home/def-ilafores/analysis/MethodsComparison/PD/preproc/SRR19064665/SRR19064665_unmatched_2.fastq,SRR19064665,caaf731be22e1a9235dbbb67908ed041,606345000,31,DNA,1000,606345,true,0.8142238834247102,0.9696263592514915,0.8919251213381009,0.9696263592514915,7712,4968119,7033625
622000,0.0010258186346057113,0.011550874808900968,0.00011214737484435428,0.000020899607243775437,2.161764705882353,2.0,1.2903521420600779,signatures/8eefaa3cc97d57d4ec60598fc2400299.sig.gz,"GCA_021201905.1 Clostridia bacterium, ASM2120190v1",8eefaa3cc97d57d4ec60598fc2400299,0.10565653134024121,68000,321,370304000,/nfs3_ib/nfs-ip34/home/def-ilafores/analysis/MethodsComparison/PD/preproc/SRR19064665/SRR19064665_unmatched_2.fastq,SRR19064665,caaf731be22e1a9235dbbb67908ed041,606345000,31,DNA,1000,606345,true,0.8009085354687401,0.9300638950425576,0.8654862152556488,0.9300638950425576,147,4968266,7033625
104000,0.00017151951446783598,0.025311673592746504,0.00011049814874370202,0.000018340471662904975,1.9253731343283582,1.0,1.623644627280288,signatures/3fdda8d8d9f0ac34201a5c107f8282bb.sig.gz,"GCF_900186585.1 Massilimaliae timonensis strain=Marseille-P3753, PRJEB20854",3fdda8d8d9f0ac34201a5c107f8282bb,0.039289761994710994,67000,322,370237000,/nfs3_ib/nfs-ip34/home/def-ilafores/analysis/MethodsComparison/PD/preproc/SRR19064665/SRR19064665_unmatched_2.fastq,SRR19064665,caaf731be22e1a9235dbbb67908ed041,606345000,31,DNA,1000,606345,true,0.7560077423584017,0.9008535081331538,0.8284306252457778,0.9008535081331538,129,4968395,7033625
92000,0.00015172880126000874,0.01828761429758936,0.00010884892264304976,0.0002061525884590094,21.96969696969697,21.5,20.599330451732836,signatures/aa9e1cae8cdb9ffad29d5e57edbea378.sig.gz,"GCF_900048895.1 Neglecta timonensis strain=SN17, PRJEB12697",aa9e1cae8cdb9ffad29d5e57edbea378,0.025491825990579108,66000,323,370171000,/nfs3_ib/nfs-ip34/home/def-ilafores/analysis/MethodsComparison/PD/preproc/SRR19064665/SRR19064665_unmatched_2.fastq,SRR19064665,caaf731be22e1a9235dbbb67908ed041,606345000,31,DNA,1000,606345,true,0.7530237017453941,0.8883693756094659,0.8206965386774301,0.8883693756094659,1450,4969845,7033625
561000,0.0009252158424659228,0.029639762881896944,0.00010719969654239748,0.0001256819918605271,13.6,7.0,19.38500610106846,signatures/3765028b477e05aab7ca46cf4971501b.sig.gz,"GCA_934511465.1 uncultured Faecalibacterium sp., ERR7745828_bin.158",3765028b477e05aab7ca46cf4971501b,0.2558139534883721,65000,324,370106000,/nfs3_ib/nfs-ip34/home/def-ilafores/analysis/MethodsComparison/PD/preproc/SRR19064665/SRR19064665_unmatched_2.fastq,SRR19064665,caaf731be22e1a9235dbbb67908ed041,606345000,31,DNA,1000,606345,true,0.7982462241458064,0.9569754168537339,0.8776108204997701,0.9569754168537339,884,4970729,7033625
174000,0.0002869653415134948,0.017342582710779084,0.00010719969654239748,0.001056069949705877,114.27692307692308,76.0,140.1519513508664,signatures/01dda38c26d68bbc4f8e8ebc25846a78.sig.gz,"GCF_900128475.1 Mediterranea massiliensis strain=Marseille-P2645, PRJEB18047",01dda38c26d68bbc4f8e8ebc25846a78,0.046424759871931696,65000,325,370041000,/nfs3_ib/nfs-ip34/home/def-ilafores/analysis/MethodsComparison/PD/preproc/SRR19064665/SRR19064665_unmatched_2.fastq,SRR19064665,caaf731be22e1a9235dbbb67908ed041,606345000,31,DNA,1000,606345,true,0.7686638092326091,0.9057157598282355,0.8371897845304224,0.9057157598282355,7428,4978157,7033625
134000,0.00022099629748740404,0.015112764473378284,0.00010719969654239748,0.000045780092057793814,4.953846153846154,4.0,3.9396632781955017,signatures/749871092df050805c51bdaa5b2fe069.sig.gz,"GCA_022846095.1 Oscillospiraceae bacterium strain=CE91-St40, ASM2284609v1",749871092df050805c51bdaa5b2fe069,0.031155545222041385,65000,326,369976000,/nfs3_ib/nfs-ip34/home/def-ilafores/analysis/MethodsComparison/PD/preproc/SRR19064665/SRR19064665_unmatched_2.fastq,SRR19064665,caaf731be22e1a9235dbbb67908ed041,606345000,31,DNA,1000,606345,true,0.76221402452976,0.8941376169521521,0.828175820740956,0.8941376169521521,322,4978479,7033625
542000,0.0008938805465535298,0.030373831775700934,0.00010719969654239748,0.000029003536583198565,3.1384615384615384,2.0,2.8223117806121722,signatures/2fcab7a77920c13721e1100bacd32511.sig.gz,"GCF_009717815.1 Streptococcus parasanguinis strain=BIOML-A3, ASM971781v1",2fcab7a77920c13721e1100bacd32511,0.25327102803738316,65000,327,369911000,/nfs3_ib/nfs-ip34/home/def-ilafores/analysis/MethodsComparison/PD/preproc/SRR19064665/SRR19064665_unmatched_2.fastq,SRR19064665,caaf731be22e1a9235dbbb67908ed041,606345000,31,DNA,1000,606345,true,0.7973595074236105,0.9566670653565872,0.8770132863900988,0.9566670653565872,204,4978683,7033625
416000,0.0006860780578713439,0.01839275608375778,0.00010719969654239748,0.0001731681743055679,18.73846153846154,6.0,29.21236667687001,signatures/204af89ac36dfdd7c4fcad734dffd0d2.sig.gz,"GCF_900104635.1 Coprococcus phoceensis strain=Marseille-P3062, PRJEB16356",204af89ac36dfdd7c4fcad734dffd0d2,0.1177136389360498,65000,328,369846000,/nfs3_ib/nfs-ip34/home/def-ilafores/analysis/MethodsComparison/PD/preproc/SRR19064665/SRR19064665_unmatched_2.fastq,SRR19064665,caaf731be22e1a9235dbbb67908ed041,606345000,31,DNA,1000,606345,true,0.7905831125047689,0.9333116147229781,0.8619473636138735,0.9333116147229781,1218,4979901,7033625
77000,0.00012699040975022472,0.02226027397260274,0.00010719969654239748,0.000019762213652277454,2.1384615384615384,2.0,1.5076923076923077,signatures/5d3cd1a553199b5ebe329113b4a49373.sig.gz,GCA_902490005.1 uncultured Ruminiclostridium sp. UHGG-TPA_MGYG-HGUT-03872,5d3cd1a553199b5ebe329113b4a49373,0.02636986301369863,65000,329,369781000,/nfs3_ib/nfs-ip34/home/def-ilafores/analysis/MethodsComparison/PD/preproc/SRR19064665/SRR19064665_unmatched_2.fastq,SRR19064665,caaf731be22e1a9235dbbb67908ed041,606345000,31,DNA,1000,606345,true,0.7487126848720875,0.8893403477810928,0.8190265163265902,0.8893403477810928,139,4980040,7033625
287000,0.0004733278908872012,0.024418161007249143,0.00010555047044174522,0.000035117027137500224,3.859375,3.0,4.5821228278359145,signatures/ce190b0cde8d4a4ef9e884f78857235a.sig.gz,"GCA_905215775.1 uncultured bacterium, ERR3160556-mag-bin.6",ce190b0cde8d4a4ef9e884f78857235a,0.10950019076688287,64000,330,369717000,/nfs3_ib/nfs-ip34/home/def-ilafores/analysis/MethodsComparison/PD/preproc/SRR19064665/SRR19064665_unmatched_2.fastq,SRR19064665,caaf731be22e1a9235dbbb67908ed041,606345000,31,DNA,1000,606345,true,0.7811728924558329,0.931136568653995,0.856154730554914,0.931136568653995,247,4980287,7033625
273000,0.00045023872547806943,0.020554649265905382,0.00010390124434109294,0.00005601663438127566,6.253968253968254,3.0,6.311914292093819,signatures/3a969227c03855f5955aa4a79f4ff97e.sig.gz,"GCA_934394545.1 uncultured Blautia sp., ERR7738531_bin.108",3a969227c03855f5955aa4a79f4ff97e,0.08907014681892333,63000,331,369654000,/nfs3_ib/nfs-ip34/home/def-ilafores/analysis/MethodsComparison/PD/preproc/SRR19064665/SRR19064665_unmatched_2.fastq,SRR19064665,caaf731be22e1a9235dbbb67908ed041,606345000,31,DNA,1000,606345,true,0.7799136895592488,0.9249545487762906,0.8524341191677697,0.9249545487762906,394,4980681,7033625
215000,0.0003545836116402378,0.018862275449101795,0.00010390124434109294,0.00013264852760845226,14.80952380952381,5.0,27.706429912628607,signatures/05586d372d16a721bb9acde395d2f6bb.sig.gz,GCA_030844625.1 Roseburia sp. ASM3084462v1,05586d372d16a721bb9acde395d2f6bb,0.06437125748502993,63000,332,369591000,/nfs3_ib/nfs-ip34/home/def-ilafores/analysis/MethodsComparison/PD/preproc/SRR19064665/SRR19064665_unmatched_2.fastq,SRR19064665,caaf731be22e1a9235dbbb67908ed041,606345000,31,DNA,1000,606345,true,0.7739280759040919,0.9153152737825427,0.8446216748433173,0.9153152737825427,933,4981614,7033625
551000,0.0009087235814594002,0.03806015960712093,0.00010225201824044068,0.00005075618902059749,5.758064516129032,4.0,5.526141639081694,signatures/d92a817b54bcc1baed5ce4d4055b5e21.sig.gz,"GCA_003521145.1 Streptococcus sp., ASM352114v1",d92a817b54bcc1baed5ce4d4055b5e21,0.33824432166973606,62000,333,369529000,/nfs3_ib/nfs-ip34/home/def-ilafores/analysis/MethodsComparison/PD/preproc/SRR19064665/SRR19064665_unmatched_2.fastq,SRR19064665,caaf731be22e1a9235dbbb67908ed041,606345000,31,DNA,1000,606345,true,0.797783218685121,0.9656369765133092,0.8817100975992151,0.9656369765133092,357,4981971,7033625
256000,0.00042220188176698086,0.021625392396232995,0.00010225201824044068,0.00043732783593097445,49.61290322580645,54.0,28.188509921088055,signatures/8e501eec9371799ddb40f724f45122ba.sig.gz,"GCA_002633275.1 Bacteroidales bacterium Phil12, ASM263327v1",8e501eec9371799ddb40f724f45122ba,0.08929194279734914,62000,334,369467000,/nfs3_ib/nfs-ip34/home/def-ilafores/analysis/MethodsComparison/PD/preproc/SRR19064665/SRR19064665_unmatched_2.fastq,SRR19064665,caaf731be22e1a9235dbbb67908ed041,606345000,31,DNA,1000,606345,true,0.7782978159931337,0.9250287579259137,0.8516632869595238,0.9250287579259137,3076,4985047,7033625
354000,0.0005838260396309032,0.011299435028248588,0.00010225201824044068,0.00002061525884590094,2.338709677419355,2.0,3.851868203566716,signatures/77b31f5d8318d06e49c4bd86899427d2.sig.gz,"GCF_001404335.1 Faecalicatena contorta strain=2789STDY5834876, 13470_2#95",77b31f5d8318d06e49c4bd86899427d2,0.06451612903225806,62000,335,369405000,/nfs3_ib/nfs-ip34/home/def-ilafores/analysis/MethodsComparison/PD/preproc/SRR19064665/SRR19064665_unmatched_2.fastq,SRR19064665,caaf731be22e1a9235dbbb67908ed041,606345000,31,DNA,1000,606345,true,0.7864779720708569,0.9153816523112753,0.8509298121910661,0.9153816523112753,145,4985192,7033625
376000,0.0006201090138452532,0.02044235924932976,0.0001006027921397884,0.00011857328191366471,13.672131147540984,8.0,14.31120312211634,signatures/e0d980ab24cd102e67fa6be6d6137d6e.sig.gz,"GCA_902362875.1 Eubacteriaceae bacterium, MGYG-HGUT-00065",e0d980ab24cd102e67fa6be6d6137d6e,0.1260053619302949,61000,336,369344000,/nfs3_ib/nfs-ip34/home/def-ilafores/analysis/MethodsComparison/PD/preproc/SRR19064665/SRR19064665_unmatched_2.fastq,SRR19064665,caaf731be22e1a9235dbbb67908ed041,606345000,31,DNA,1000,606345,true,0.7880090899184833,0.9353632252144377,0.8616861575664605,0.9353632252144377,834,4986026,7033625
652000,0.0010752954176252794,0.022061482820976492,0.0001006027921397884,0.00014800334109367502,17.065573770491802,5.0,23.484818153163985,signatures/88f1b5eec91b23fd70f1b11b9f13bd9a.sig.gz,"GCF_023347275.1 Faecalibacterium sp. I3389 strain=I3389, ASM2334727v1",88f1b5eec91b23fd70f1b11b9f13bd9a,0.23580470162748643,61000,337,369283000,/nfs3_ib/nfs-ip34/home/def-ilafores/analysis/MethodsComparison/PD/preproc/SRR19064665/SRR19064665_unmatched_2.fastq,SRR19064665,caaf731be22e1a9235dbbb67908ed041,606345000,31,DNA,1000,606345,true,0.8021264402605475,0.954464448870953,0.8782954445657503,0.954464448870953,1041,4987067,7033625
285000,0.00047002943868589665,0.022181146025878003,0.00009895356603913614,0.00004137269189073913,4.85,4.0,3.889408695418881,signatures/293568b3ed052e9e37a5f7d328b7691f.sig.gz,"GCA_900544715.1 uncultured Ruminococcaceae bacterium, UMGS705",293568b3ed052e9e37a5f7d328b7691f,0.10536044362292052,60000,338,369223000,/nfs3_ib/nfs-ip34/home/def-ilafores/analysis/MethodsComparison/PD/preproc/SRR19064665/SRR19064665_unmatched_2.fastq,SRR19064665,caaf731be22e1a9235dbbb67908ed041,606345000,31,DNA,1000,606345,true,0.780996693950763,0.9299797042275038,0.8554881990891334,0.9299797042275038,291,4987358,7033625
704000,0.0011610551748591972,0.021261516654854713,0.00009895356603913614,0.00010918978478380635,12.8,13.0,6.932532004974808,signatures/783cf8ed6e6236b3d966599c5f94e9f8.sig.gz,GCA_902496665.1 uncultured Clostridium sp. UHGG-TPA_MGYG-HGUT-04582,783cf8ed6e6236b3d966599c5f94e9f8,0.24946846208362863,60000,339,369163000,/nfs3_ib/nfs-ip34/home/def-ilafores/analysis/MethodsComparison/PD/preproc/SRR19064665/SRR19064665_unmatched_2.fastq,SRR19064665,caaf731be22e1a9235dbbb67908ed041,606345000,31,DNA,1000,606345,true,0.804114390106229,0.956200335911251,0.88015736300874,0.956200335911251,768,4988126,7033625
795000,0.0013111347500185538,0.01665741254858412,0.00009895356603913614,0.00013819332136700492,16.2,6.0,21.075103795711183,signatures/ae3113259fd1a32557f288c504d24250.sig.gz,"GCF_014297245.1 Blautia sp. M29 strain=M29, ASM1429724v1",ae3113259fd1a32557f288c504d24250,0.2207107162687396,60000,340,369103000,/nfs3_ib/nfs-ip34/home/def-ilafores/analysis/MethodsComparison/PD/preproc/SRR19064665/SRR19064665_unmatched_2.fastq,SRR19064665,caaf731be22e1a9235dbbb67908ed041,606345000,31,DNA,1000,606345,true,0.8072738442860685,0.9524298838428513,0.8798518640644599,0.9524298838428513,972,4989098,7033625
467000,0.0007701885890046096,0.017094017094017096,0.0000956551138378316,0.00015070465087348273,18.275862068965516,18.0,12.486949191812469,signatures/aaf64c896b57b54ab4fa83cb430314d8.sig.gz,"GCA_900772845.1 Lachnospiraceae bacterium, SRS883029_98",aaf64c896b57b54ab4fa83cb430314d8,0.13763631005010316,58000,341,369045000,/nfs3_ib/nfs-ip34/home/def-ilafores/analysis/MethodsComparison/PD/preproc/SRR19064665/SRR19064665_unmatched_2.fastq,SRR19064665,caaf731be22e1a9235dbbb67908ed041,606345000,31,DNA,1000,606345,true,0.7935378523160792,0.9380310066210289,0.865784429468554,0.9380310066210289,1060,4990158,7033625
332000,0.0005475430654165533,0.014580191050779286,0.0000956551138378316,0.002706143702571576,328.17241379310343,1.0,1858.5836295966121,signatures/21dcfee3f1e24fb9aebbbe6b8ae42cad.sig.gz,"GCF_000154845.1 Bacteroides coprocola DSM 17136 strain=DSM 17136, ASM15484v1",21dcfee3f1e24fb9aebbbe6b8ae42cad,0.08345902463549522,58000,342,368987000,/nfs3_ib/nfs-ip34/home/def-ilafores/analysis/MethodsComparison/PD/preproc/SRR19064665/SRR19064665_unmatched_2.fastq,SRR19064665,caaf731be22e1a9235dbbb67908ed041,606345000,31,DNA,1000,606345,true,0.7848518504510422,0.9230151220902196,0.8539334862706309,0.9230151220902196,19034,5009192,7033625
628000,0.001035713991209625,0.026593305823016965,0.0000956551138378316,0.0003757664077911461,45.56896551724138,48.5,30.753812249790478,signatures/6ca2111c2894b1999e499528bbd2e219.sig.gz,"GCA_934532365.1 uncultured Faecalibacterium sp., ERR7745924_bin.367",6ca2111c2894b1999e499528bbd2e219,0.2879413113250802,58000,343,368929000,/nfs3_ib/nfs-ip34/home/def-ilafores/analysis/MethodsComparison/PD/preproc/SRR19064665/SRR19064665_unmatched_2.fastq,SRR19064665,caaf731be22e1a9235dbbb67908ed041,606345000,31,DNA,1000,606345,true,0.801156599070149,0.960634529002094,0.8808955640361216,0.960634529002094,2643,5011835,7033625
1015000,0.0016739644921620529,0.020900900900900903,0.0000956551138378316,0.00021496738879311876,26.06896551724138,24.5,15.22572920960859,signatures/1c86d14b5e74b8fcf07a707c63c50911.sig.gz,GCF_003458705.1 Eubacterium sp. AF22-9 strain=AF22-9 ASM345870v1,1c86d14b5e74b8fcf07a707c63c50911,0.36576576576576575,58000,344,368871000,/nfs3_ib/nfs-ip34/home/def-ilafores/analysis/MethodsComparison/PD/preproc/SRR19064665/SRR19064665_unmatched_2.fastq,SRR19064665,caaf731be22e1a9235dbbb67908ed041,606345000,31,DNA,1000,606345,true,0.8136608633138895,0.9680767188563503,0.8908687910851198,0.9680767188563503,1512,5013347,7033625
535000,0.0008823359638489639,0.009013209013209013,0.0000956551138378316,0.00022292914393360464,27.03448275862069,3.0,44.3037966448278,signatures/fdbda2dfede13d920e72856d1947f205.sig.gz,"GCF_005845215.1 Clostridium sp. 1001271st1 H5 strain=1001271st1_H5, ASM584521v1",fdbda2dfede13d920e72856d1947f205,0.08313908313908314,58000,345,368813000,/nfs3_ib/nfs-ip34/home/def-ilafores/analysis/MethodsComparison/PD/preproc/SRR19064665/SRR19064665_unmatched_2.fastq,SRR19064665,caaf731be22e1a9235dbbb67908ed041,606345000,31,DNA,1000,606345,true,0.7970252201234463,0.9229007681179194,0.8599629941206829,0.9229007681179194,1568,5014915,7033625
423000,0.0006976226405759098,0.01276595744680851,0.00009400588773717933,0.00029245232721391884,36.08771929824562,2.0,60.862594943195205,signatures/a65db27ac6f6490cca7eeb016c93eea7.sig.gz,"GCF_000382445.1 Bacteroides massiliensis B84634 = Timone 84634 = DSM 17679 = JCM 13223 strain=DSM 17679, Bact_mass_DSM_17679_V1",a65db27ac6f6490cca7eeb016c93eea7,0.09473684210526316,57000,346,368756000,/nfs3_ib/nfs-ip34/home/def-ilafores/analysis/MethodsComparison/PD/preproc/SRR19064665/SRR19064665_unmatched_2.fastq,SRR19064665,caaf731be22e1a9235dbbb67908ed041,606345000,31,DNA,1000,606345,true,0.7910087882299517,0.9267967043312813,0.8589027462806165,0.9267967043312813,2057,5016972,7033625
107000,0.00017646719276979278,0.020518358531317494,0.00009400588773717933,0.000017203078071406993,2.1228070175438596,1.0,2.1363206231422835,signatures/cf0859915d3c8a95958e7215f877ca0f.sig.gz,"GCF_001486165.1 Bittarella massiliensis strain=GD6, Bittarella massiliensis",cf0859915d3c8a95958e7215f877ca0f,0.03851691864650828,57000,347,368699000,/nfs3_ib/nfs-ip34/home/def-ilafores/analysis/MethodsComparison/PD/preproc/SRR19064665/SRR19064665_unmatched_2.fastq,SRR19064665,caaf731be22e1a9235dbbb67908ed041,606345000,31,DNA,1000,606345,true,0.7567015863427822,0.9002763800694397,0.8284889832061109,0.9002763800694397,121,5017093,7033625
59000,0.00009730433993848387,0.037574159525379035,0.00009400588773717933,0.000014217419893724787,1.7543859649122806,1.0,1.274317178760342,signatures/e99efa83166bd862fc214fac6d20274e.sig.gz,GCF_000564995.1 Atopobium sp. ICM42b strain=ICM42b AspICM42bv1.0,e99efa83166bd862fc214fac6d20274e,0.03889255108767304,57000,348,368642000,/nfs3_ib/nfs-ip34/home/def-ilafores/analysis/MethodsComparison/PD/preproc/SRR19064665/SRR19064665_unmatched_2.fastq,SRR19064665,caaf731be22e1a9235dbbb67908ed041,606345000,31,DNA,1000,606345,true,0.7423093143558676,0.9005582732377116,0.8214337937967896,0.9005582732377116,100,5017193,7033625
560000,0.0009235666163652706,0.011342920802106542,0.00009235666163652705,0.000216815653379303,27.232142857142858,20.5,26.07611870729106,signatures/20623cf363705a2786c1e2e794c70af2.sig.gz,"GCF_024623065.1 Bacteroides acidifaciens strain=DSM 15896, ASM2462306v1",20623cf363705a2786c1e2e794c70af2,0.11342920802106543,56000,349,368586000,/nfs3_ib/nfs-ip34/home/def-ilafores/analysis/MethodsComparison/PD/preproc/SRR19064665/SRR19064665_unmatched_2.fastq,SRR19064665,caaf731be22e1a9235dbbb67908ed041,606345000,31,DNA,1000,606345,true,0.7982002845489106,0.932196042423027,0.8651981634859688,0.932196042423027,1525,5018718,7033625
408000,0.0006728842490661257,0.018654230512991338,0.00009235666163652705,0.00010023281025075974,12.589285714285714,10.5,10.557287235625932,signatures/1fbb5e06fdd450a1f389762cbd60570e.sig.gz,GCF_934307085.1 uncultured Anaerobutyricum sp. ERR7738251_bin.163,1fbb5e06fdd450a1f389762cbd60570e,0.13590939373750832,56000,350,368530000,/nfs3_ib/nfs-ip34/home/def-ilafores/analysis/MethodsComparison/PD/preproc/SRR19064665/SRR19064665_unmatched_2.fastq,SRR19064665,caaf731be22e1a9235dbbb67908ed041,606345000,31,DNA,1000,606345,true,0.7900880543204838,0.9376490234602086,0.8638685388903462,0.9376490234602086,705,5019423,7033625
875000,0.0014430728380707353,0.01717791411042945,0.00009235666163652705,0.00008701060974959569,10.928571428571429,9.0,7.218174340948447,signatures/6f09b1e12da46f6b224751091ec7f9e0.sig.gz,"GCA_934317215.1 uncultured Roseburia sp., ERR7745427_bin.39",6f09b1e12da46f6b224751091ec7f9e0,0.2684049079754601,56000,351,368474000,/nfs3_ib/nfs-ip34/home/def-ilafores/analysis/MethodsComparison/PD/preproc/SRR19064665/SRR19064665_unmatched_2.fastq,SRR19064665,caaf731be22e1a9235dbbb67908ed041,606345000,31,DNA,1000,606345,true,0.8097745756381677,0.9584597631192823,0.884117169378725,0.9584597631192823,612,5020035,7033625
648000,0.0010686985132226702,0.015646828723107013,0.00009235666163652705,0.0002870497076543034,36.05357142857143,19.5,41.30782511602767,signatures/e10a6daf2b20df057b3f9f1ce4135078.sig.gz,"GCF_018919065.1 Blautia sp. MSJ-9 strain=MSJ-9, ASM1891906v1",e10a6daf2b20df057b3f9f1ce4135078,0.18105616093880972,56000,352,368418000,/nfs3_ib/nfs-ip34/home/def-ilafores/analysis/MethodsComparison/PD/preproc/SRR19064665/SRR19064665_unmatched_2.fastq,SRR19064665,caaf731be22e1a9235dbbb67908ed041,606345000,31,DNA,1000,606345,true,0.8019672245065269,0.9463646157254199,0.8741659201159734,0.9463646157254199,2019,5022054,7033625
567000,0.0009351111990698364,0.02768166089965398,0.00009235666163652705,0.00019093994917272387,23.982142857142858,22.5,15.912137181845738,signatures/67ff6aa4aefa5332d75476550be7a291.sig.gz,"GCA_905215855.1 uncultured bacterium, SRR413702-mag-bin.4",67ff6aa4aefa5332d75476550be7a291,0.28027681660899656,56000,353,368362000,/nfs3_ib/nfs-ip34/home/def-ilafores/analysis/MethodsComparison/PD/preproc/SRR19064665/SRR19064665_unmatched_2.fastq,SRR19064665,caaf731be22e1a9235dbbb67908ed041,606345000,31,DNA,1000,606345,true,0.7985202086133135,0.9597988638097975,0.8791595362115555,0.9597988638097975,1343,5023397,7033625
272000,0.00044858949937741713,0.016702095353780748,0.00009070743553587479,0.000055590111784463916,7.109090909090909,1.0,15.670090476356224,signatures/ad88132eb529dcc3d2bfa18338979035.sig.gz,"GCF_018784445.1 Gemmiger formicilis strain=MCC627, ASM1878444v1",ad88132eb529dcc3d2bfa18338979035,0.08259945338597025,55000,354,368307000,/nfs3_ib/nfs-ip34/home/def-ilafores/analysis/MethodsComparison/PD/preproc/SRR19064665/SRR19064665_unmatched_2.fastq,SRR19064665,caaf731be22e1a9235dbbb67908ed041,606345000,31,DNA,1000,606345,true,0.779821370126975,0.9227069244503386,0.8512641472886568,0.9227069244503386,391,5023788,7033625
581000,0.0009582003644789683,0.008643721515008643,0.00009070743553587479,0.000020899607243775437,2.672727272727273,2.0,4.888035654737338,signatures/ccc9a263b5d7aebd619ea6c27a3c5fb1.sig.gz,"GCF_900128505.1 Parabacteroides timonensis strain=Marseille-P3236, PRJEB18032",ccc9a263b5d7aebd619ea6c27a3c5fb1,0.09130913091309131,55000,355,368252000,/nfs3_ib/nfs-ip34/home/def-ilafores/analysis/MethodsComparison/PD/preproc/SRR19064665/SRR19064665_unmatched_2.fastq,SRR19064665,caaf731be22e1a9235dbbb67908ed041,606345000,31,DNA,1000,606345,true,0.7991487483788287,0.9256956017946646,0.8624221750867467,0.9256956017946646,147,5023935,7033625
114000,0.00018801177547435866,0.02512562814070352,0.00009070743553587479,0.000025733530007641862,3.290909090909091,1.0,9.30038655554943,signatures/9629afb332e08f76787b0b8e98a32938.sig.gz,"GCA_900545585.1 uncultured Clostridiales bacterium, UMGS792",9629afb332e08f76787b0b8e98a32938,0.05207857469164002,55000,356,368197000,/nfs3_ib/nfs-ip34/home/def-ilafores/analysis/MethodsComparison/PD/preproc/SRR19064665/SRR19064665_unmatched_2.fastq,SRR19064665,caaf731be22e1a9235dbbb67908ed041,606345000,31,DNA,1000,606345,true,0.758250003503186,0.909079587308205,0.8336647954056955,0.909079587308205,181,5024116,7033625
74000,0.0001220427314482679,0.016986473733878578,0.00008905820943522253,0.000021894826636336172,2.8518518518518516,1.0,7.9731201369848215,signatures/76b487164c7b5e8940d3e191bef318f9.sig.gz,"GCA_902363445.1 Lachnospiraceae bacterium, MGYG-HGUT-00118",76b487164c7b5e8940d3e191bef318f9,0.023277760301981754,54000,357,368143000,/nfs3_ib/nfs-ip34/home/def-ilafores/analysis/MethodsComparison/PD/preproc/SRR19064665/SRR19064665_unmatched_2.fastq,SRR19064665,caaf731be22e1a9235dbbb67908ed041,606345000,31,DNA,1000,606345,true,0.7477534905256547,0.885769421699635,0.8167614561126448,0.885769421699635,154,5024270,7033625
380000,0.0006267059182478622,0.025714285714285714,0.00008905820943522253,0.000041941388686488117,5.462962962962963,3.0,5.958849512879712,signatures/1011a3c923fa78a46b088ee068f5a605.sig.gz,"GCA_010604095.1 Streptococcus vestibularis strain=AS012761, ASM1060409v1",1011a3c923fa78a46b088ee068f5a605,0.18095238095238095,54000,358,368089000,/nfs3_ib/nfs-ip34/home/def-ilafores/analysis/MethodsComparison/PD/preproc/SRR19064665/SRR19064665_unmatched_2.fastq,SRR19064665,caaf731be22e1a9235dbbb67908ed041,606345000,31,DNA,1000,606345,true,0.7882781293302323,0.9463471125202851,0.8673126209252587,0.9463471125202851,295,5024565,7033625
608000,0.0010027294691965795,0.015919811320754717,0.00008905820943522253,0.000049760969628036755,6.481481481481482,3.0,8.139389231660559,signatures/18b360c0874ec17b4babfeacdf043a00.sig.gz,"GCF_009883055.1 Blautia sp. BIOML-A1 strain=BIOML-A1, ASM988305v1",18b360c0874ec17b4babfeacdf043a00,0.1792452830188679,54000,359,368035000,/nfs3_ib/nfs-ip34/home/def-ilafores/analysis/MethodsComparison/PD/preproc/SRR19064665/SRR19064665_unmatched_2.fastq,SRR19064665,caaf731be22e1a9235dbbb67908ed041,606345000,31,DNA,1000,606345,true,0.8003205948718062,0.9460577960453358,0.873189195458571,0.9460577960453358,350,5024915,7033625
347000,0.0005722814569263373,0.01947813303932378,0.00008740898333457025,0.000029572233378947556,3.9245283018867925,4.0,2.5686723433886165,signatures/3051f68ad671dae8457c94daf3bb2364.sig.gz,"GCA_934318045.1 uncultured Lachnospiraceae bacterium, ERR7738263_bin.105",3051f68ad671dae8457c94daf3bb2364,0.12752664461595,53000,360,367982000,/nfs3_ib/nfs-ip34/home/def-ilafores/analysis/MethodsComparison/PD/preproc/SRR19064665/SRR19064665_unmatched_2.fastq,SRR19064665,caaf731be22e1a9235dbbb67908ed041,606345000,31,DNA,1000,606345,true,0.7859714371040273,0.9357253973214912,0.8608484172127593,0.9357253973214912,208,5025123,7033625
59000,0.00009730433993848387,0.017803157541148806,0.00008740898333457025,0.00004720183404716629,6.264150943396227,5.0,4.638440464151744,signatures/e5351aee76b3ab771d8ec927c3449628.sig.gz,"GCA_900545865.1 uncultured Clostridiales bacterium, UMGS821",e5351aee76b3ab771d8ec927c3449628,0.019818609338259994,53000,361,367929000,/nfs3_ib/nfs-ip34/home/def-ilafores/analysis/MethodsComparison/PD/preproc/SRR19064665/SRR19064665_unmatched_2.fastq,SRR19064665,caaf731be22e1a9235dbbb67908ed041,606345000,31,DNA,1000,606345,true,0.7423093143558676,0.8811845555010615,0.8117469349284645,0.8811845555010615,332,5025455,7033625
65000,0.00010719969654239748,0.015317919075144508,0.00008740898333457025,0.00043405782935541774,57.60377358490566,58.0,21.26414257253188,signatures/4e0df2d60646a471f7c4ee03cf59d66e.sig.gz,"GCF_000613805.1 Bacteroides paurosaccharolyticus JCM 15092 strain=JCM 15092, ASM61380v1",4e0df2d60646a471f7c4ee03cf59d66e,0.01878612716763006,53000,362,367876000,/nfs3_ib/nfs-ip34/home/def-ilafores/analysis/MethodsComparison/PD/preproc/SRR19064665/SRR19064665_unmatched_2.fastq,SRR19064665,caaf731be22e1a9235dbbb67908ed041,606345000,31,DNA,1000,606345,true,0.7446320546092037,0.8796650369409136,0.8121485457750586,0.8796650369409136,3053,5028508,7033625
541000,0.0008922313204528775,0.024941176470588234,0.00008740898333457025,0.00002061525884590094,2.7358490566037736,2.0,2.048017388231631,signatures/c70c057dced6059abe5194c68893395c.sig.gz,"GCF_000963275.1 Streptococcus parasanguinis strain=MGH413, ASM96327v1",c70c057dced6059abe5194c68893395c,0.25458823529411767,53000,363,367823000,/nfs3_ib/nfs-ip34/home/def-ilafores/analysis/MethodsComparison/PD/preproc/SRR19064665/SRR19064665_unmatched_2.fastq,SRR19064665,caaf731be22e1a9235dbbb67908ed041,606345000,31,DNA,1000,606345,true,0.7973120087797915,0.9568271601364192,0.8770695844581053,0.9568271601364192,145,5028653,7033625
407000,0.0006712350229654734,0.007809046706939738,0.00008740898333457025,0.0001559650962341609,20.69811320754717,15.0,20.20609370598653,signatures/6a82102a8a9caa7158b1d7ae1e0d3d95.sig.gz,"GCF_012113595.1 Bacteroides sp. CBA7301 strain=CBA7301, ASM1211359v1",6a82102a8a9caa7158b1d7ae1e0d3d95,0.059967585089141004,53000,364,367770000,/nfs3_ib/nfs-ip34/home/def-ilafores/analysis/MethodsComparison/PD/preproc/SRR19064665/SRR19064665_unmatched_2.fastq,SRR19064665,caaf731be22e1a9235dbbb67908ed041,606345000,31,DNA,1000,606345,true,0.7900255126874285,0.9132253396737513,0.8516254261805899,0.9132253396737513,1097,5029750,7033625
507000,0.0008361576330307004,0.014325068870523415,0.00008575975723391799,0.000044927046864170326,6.076923076923077,5.0,4.535527082617825,signatures/33c4338e66995b8c78186e1b7bbc25e7.sig.gz,"GCA_019423345.1 Butyricimonas sp., ASM1942334v1",33c4338e66995b8c78186e1b7bbc25e7,0.1396694214876033,52000,365,367718000,/nfs3_ib/nfs-ip34/home/def-ilafores/analysis/MethodsComparison/PD/preproc/SRR19064665/SRR19064665_unmatched_2.fastq,SRR19064665,caaf731be22e1a9235dbbb67908ed041,606345000,31,DNA,1000,606345,true,0.7956443311860878,0.9384748178990086,0.8670595745425482,0.9384748178990086,316,5030066,7033625
102000,0.00016822106226653142,0.022737210319195452,0.00008575975723391799,0.000018056123265030478,2.4423076923076925,2.0,1.1504758470112326,signatures/849941aa8892af17a00ff43120b4b006.sig.gz,"GCA_018375675.1 Actinomyces sp., ASM1837567v1",849941aa8892af17a00ff43120b4b006,0.04459991254919108,52000,366,367666000,/nfs3_ib/nfs-ip34/home/def-ilafores/analysis/MethodsComparison/PD/preproc/SRR19064665/SRR19064665_unmatched_2.fastq,SRR19064665,caaf731be22e1a9235dbbb67908ed041,606345000,31,DNA,1000,606345,true,0.7555343350539483,0.9045448998469973,0.8300396174504727,0.9045448998469973,127,5030193,7033625
554000,0.000913671259761357,0.01960030745580323,0.00008411053113326571,0.00022122305354635766,30.50980392156863,15.0,32.64807747336206,signatures/d4a7f08c9e22a9d508115b1cbbc1fe89.sig.gz,"GCA_934365945.1 uncultured Agathobacter sp., ERR7737619_bin.21",d4a7f08c9e22a9d508115b1cbbc1fe89,0.212913143735588,51000,367,367615000,/nfs3_ib/nfs-ip34/home/def-ilafores/analysis/MethodsComparison/PD/preproc/SRR19064665/SRR19064665_unmatched_2.fastq,SRR19064665,caaf731be22e1a9235dbbb67908ed041,606345000,31,DNA,1000,606345,true,0.7979229685117486,0.9513254429979436,0.8746242057548461,0.9513254429979436,1556,5031749,7033625
91000,0.00015007957515935646,0.016226535157492842,0.00008411053113326571,9.667845527732855e-6,1.3333333333333333,1.0,1.1490262999202838,signatures/848c10ff24f0911dee1f22b50126e626.sig.gz,"GCA_900540785.1 uncultured Blautia sp., UMGS276",848c10ff24f0911dee1f22b50126e626,0.028953229398663696,51000,368,367564000,/nfs3_ib/nfs-ip34/home/def-ilafores/analysis/MethodsComparison/PD/preproc/SRR19064665/SRR19064665_unmatched_2.fastq,SRR19064665,caaf731be22e1a9235dbbb67908ed041,606345000,31,DNA,1000,606345,true,0.752758269532495,0.8920256096354056,0.8223919395839503,0.8920256096354056,68,5031817,7033625
53000,0.00008740898333457025,0.021022258862324814,0.00008411053113326571,0.000014501768291599283,2.0,1.0,1.6209413870933638,signatures/1e1ece92d811750528ad84bfb328176c.sig.gz,"GCA_004154635.1 Bifidobacterium animalis subsp. animalis strain=2022B, ASM415463v1",1e1ece92d811750528ad84bfb328176c,0.021846661170651278,51000,369,367513000,/nfs3_ib/nfs-ip34/home/def-ilafores/analysis/MethodsComparison/PD/preproc/SRR19064665/SRR19064665_unmatched_2.fastq,SRR19064665,caaf731be22e1a9235dbbb67908ed041,606345000,31,DNA,1000,606345,true,0.7397457076087841,0.8839582970212242,0.8118520023150042,0.8839582970212242,102,5031919,7033625
375000,0.0006184597877446008,0.020799347471451877,0.00008411053113326571,0.00011715153992429224,16.15686274509804,17.0,9.42955834330477,signatures/28c3e2e5f4279d6d083ab85ab55e37f0.sig.gz,"GCA_002474415.1 Lachnospiraceae bacterium UBA7598, ASM247441v1",28c3e2e5f4279d6d083ab85ab55e37f0,0.15293637846655792,51000,370,367462000,/nfs3_ib/nfs-ip34/home/def-ilafores/analysis/MethodsComparison/PD/preproc/SRR19064665/SRR19064665_unmatched_2.fastq,SRR19064665,caaf731be22e1a9235dbbb67908ed041,606345000,31,DNA,1000,606345,true,0.7879413973186087,0.9412259597139443,0.8645836785162765,0.9412259597139443,824,5032743,7033625
204000,0.00033644212453306285,0.015129041827350934,0.00008411053113326571,0.00007848015781336082,10.823529411764707,2.0,23.10734191308794,signatures/fd8cfdd222ac34a02116494f3e3a2bfb.sig.gz,"GCF_017811815.1 Flavonifractor sp. AGMB03687 strain=AGMB03687, ASM1781181v1",fd8cfdd222ac34a02116494f3e3a2bfb,0.060516167309403734,51000,371,367411000,/nfs3_ib/nfs-ip34/home/def-ilafores/analysis/MethodsComparison/PD/preproc/SRR19064665/SRR19064665_unmatched_2.fastq,SRR19064665,caaf731be22e1a9235dbbb67908ed041,606345000,31,DNA,1000,606345,true,0.7726180510155678,0.9134936431434811,0.8430558470795244,0.9134936431434811,552,5033295,7033625
86000,0.00014183344465609513,0.02383177570093458,0.00008411053113326571,0.00027041532637864544,37.294117647058826,36.0,37.6132507510929,signatures/4e9c421cff9dffd1943828e5f6f5b295.sig.gz,GCA_938033385.1 uncultured Collinsella sp. ERR321611_bin.16_CONCOCT_v1.1_MAG,4e9c421cff9dffd1943828e5f6f5b295,0.04018691588785047,51000,372,367360000,/nfs3_ib/nfs-ip34/home/def-ilafores/analysis/MethodsComparison/PD/preproc/SRR19064665/SRR19064665_unmatched_2.fastq,SRR19064665,caaf731be22e1a9235dbbb67908ed041,606345000,31,DNA,1000,606345,true,0.7513872604209613,0.9015098442807651,0.8264485523508631,0.9015098442807651,1902,5035197,7033625
252000,0.00041560497736437175,0.01733102253032929,0.00008246130503261345,0.0001538324832501022,21.64,21.5,11.346823344002498,signatures/68f0797ae6b584c9128db7eba1ec6c3c.sig.gz,"GCF_006542685.1 Alistipes dispar strain=5CPEGH6, Adis_1.0",68f0797ae6b584c9128db7eba1ec6c3c,0.08734835355285962,50000,373,367310000,/nfs3_ib/nfs-ip34/home/def-ilafores/analysis/MethodsComparison/PD/preproc/SRR19064665/SRR19064665_unmatched_2.fastq,SRR19064665,caaf731be22e1a9235dbbb67908ed041,606345000,31,DNA,1000,606345,true,0.7779025321533034,0.9243723079733989,0.8511374200633511,0.9243723079733989,1082,5036279,7033625
74000,0.0001220427314482679,0.020218358269308533,0.00008246130503261345,9.95219392560735e-6,1.4,1.0,0.6928203230275507,signatures/b6ca60fe6276294e9292c67e64a98b30.sig.gz,"GCA_902399855.1 Erysipelotrichaceae bacterium, UHGG_MGYG-HGUT-03689",b6ca60fe6276294e9292c67e64a98b30,0.029923170238576626,50000,374,367260000,/nfs3_ib/nfs-ip34/home/def-ilafores/analysis/MethodsComparison/PD/preproc/SRR19064665/SRR19064665_unmatched_2.fastq,SRR19064665,caaf731be22e1a9235dbbb67908ed041,606345000,31,DNA,1000,606345,true,0.7477534905256547,0.8929742896602192,0.8203638900929369,0.8929742896602192,70,5036349,7033625
