intersect_bp,f_orig_query,f_match,f_unique_to_query,f_unique_weighted,average_abund,median_abund,std_abund,match_filename,match_name,match_md5,f_match_orig,unique_intersect_bp,gather_result_rank,remaining_bp,query_filename,query_name,query_md5,query_bp,ksize,moltype,scaled,query_n_hashes,query_abundance,query_containment_ani,match_containment_ani,average_containment_ani,max_containment_ani,n_unique_weighted_found,sum_weighted_found,total_weighted_hashes
5105000,0.009354168422672818,0.8006587202007528,0.009354168422672818,0.015734607457244063,12.53594515181195,9.0,35.12254649222988,signatures/93f73424a62c9a7810069426678c2739.sig.gz,"GCF_002234575.2 Enterocloster bolteae strain=ATCC BAA-613, ASM223457v2",93f73424a62c9a7810069426678c2739,0.8006587202007528,5105000,0,540641000,/nfs3_ib/nfs-ip34/home/def-ilafores/analysis/MethodsComparison/PD/preproc/SRR19064633/SRR19064633_unmatched_2.fastq,SRR19064633,81d9c50c0a575836c40b0a98b987e901,545746000,31,DNA,1000,545746,true,0.8600992210755501,0.9928540260581716,0.9264766235668609,0.9928540260581716,63996,63996,4067213
4544000,0.008326217691013769,0.9252698024842191,0.008326217691013769,0.0109323017997828,9.785211267605634,9.0,7.099772582978542,signatures/60bfe150353edefcbd7db7314951359d.sig.gz,"GCF_003697165.2 Escherichia coli DSM 30083 = JCM 1649 = ATCC 11775 strain=ATCC 11775, ASM369716v2",60bfe150353edefcbd7db7314951359d,0.9252698024842191,4544000,1,536097000,/nfs3_ib/nfs-ip34/home/def-ilafores/analysis/MethodsComparison/PD/preproc/SRR19064633/SRR19064633_unmatched_2.fastq,SRR19064633,81d9c50c0a575836c40b0a98b987e901,545746000,31,DNA,1000,545746,true,0.8568753898508827,0.997497655270356,0.9271865225606194,0.997497655270356,44464,108460,4067213
3828000,0.0070142520513205775,0.7852307692307692,0.0070142520513205775,0.03551055722923781,37.72962382445141,34.0,45.61509024272793,signatures/5feebdfe795727335c87e462e7a7cc14.sig.gz,"GCF_000012845.1 Parabacteroides distasonis ATCC 8503 strain=ATCC 8503, ASM1284v1",5feebdfe795727335c87e462e7a7cc14,0.7852307692307692,3828000,2,532269000,/nfs3_ib/nfs-ip34/home/def-ilafores/analysis/MethodsComparison/PD/preproc/SRR19064633/SRR19064633_unmatched_2.fastq,SRR19064633,81d9c50c0a575836c40b0a98b987e901,545746000,31,DNA,1000,545746,true,0.852148979020136,0.9922310570409668,0.9221900180305513,0.9922310570409668,144429,252889,4067213
3701000,0.006781543062157121,0.7123868233481024,0.006776045999420976,0.0072140308363491164,7.934288804759329,4.0,95.25058044560306,signatures/364f6db3e1881c45e824633d261d9452.sig.gz,"GCF_000381365.1 Bacteroides salyersiae WAL 10018 = DSM 18765 = JCM 12988 strain=DSM 18765, Bact_saly_DSM_18765_V1",364f6db3e1881c45e824633d261d9452,0.7129647466769409,3698000,3,528571000,/nfs3_ib/nfs-ip34/home/def-ilafores/analysis/MethodsComparison/PD/preproc/SRR19064633/SRR19064633_unmatched_2.fastq,SRR19064633,81d9c50c0a575836c40b0a98b987e901,545746000,31,DNA,1000,545746,true,0.8512220315268197,0.9891456829219369,0.9201838572243783,0.9891456829219369,29341,282230,4067213
3666000,0.006717410663568767,0.7164502164502164,0.006671601807434227,0.00675819043654709,7.549299642955232,7.0,9.62695281308063,signatures/dec6823a28f0aea55b13c3be158528c4.sig.gz,"GCF_000025985.1 Bacteroides fragilis NCTC 9343, ASM2598v1",dec6823a28f0aea55b13c3be158528c4,0.7213695395513577,3641000,4,524930000,/nfs3_ib/nfs-ip34/home/def-ilafores/analysis/MethodsComparison/PD/preproc/SRR19064633/SRR19064633_unmatched_2.fastq,SRR19064633,81d9c50c0a575836c40b0a98b987e901,545746000,31,DNA,1000,545746,true,0.8509611608633535,0.9895197007148185,0.920240430789086,0.9895197007148185,27487,309717,4067213
3619000,0.006631290014035834,0.7178,0.006576319386674387,0.029934748930041284,33.92337698523266,32.0,23.82633092452269,signatures/960cc77fc7b96d595712107aaa1524b5.sig.gz,"GCF_000012825.1 Bacteroides vulgatus ATCC 8482 strain=ATCC 8482, ASM1282v1",960cc77fc7b96d595712107aaa1524b5,0.7238,3589000,5,521341000,/nfs3_ib/nfs-ip34/home/def-ilafores/analysis/MethodsComparison/PD/preproc/SRR19064633/SRR19064633_unmatched_2.fastq,SRR19064633,81d9c50c0a575836c40b0a98b987e901,545746000,31,DNA,1000,545746,true,0.8506070314613459,0.9896270715859117,0.9201170515236288,0.9896270715859117,121751,431468,4067213
4180000,0.007659240745694884,0.6664190193164933,0.006574487032429005,0.005990834510019515,6.790969899665551,5.0,6.676662533193395,signatures/7002fcebf844f96d46aab14d98e07d37.sig.gz,"GCF_020297485.1 Enterocloster clostridioformis strain=FDAARGOS_1529, ASM2029748v1",7002fcebf844f96d46aab14d98e07d37,0.7763744427934621,3588000,6,517753000,/nfs3_ib/nfs-ip34/home/def-ilafores/analysis/MethodsComparison/PD/preproc/SRR19064633/SRR19064633_unmatched_2.fastq,SRR19064633,81d9c50c0a575836c40b0a98b987e901,545746000,31,DNA,1000,545746,true,0.8545705584188767,0.9918680720313555,0.9232193152251161,0.9918680720313555,24366,455834,4067213
3565000,0.0065323428847852295,0.5766043866774979,0.006503025216859125,0.00318375260897327,3.648633417864187,3.0,8.282876480602685,signatures/ee57b146d808065c374f21482d0a5cda.sig.gz,"GCA_025149125.1 [Clostridium] asparagiforme DSM 15981 strain=DSM 15981, ASM2514912v1",ee57b146d808065c374f21482d0a5cda,0.579203899268887,3549000,7,514204000,/nfs3_ib/nfs-ip34/home/def-ilafores/analysis/MethodsComparison/PD/preproc/SRR19064633/SRR19064633_unmatched_2.fastq,SRR19064633,81d9c50c0a575836c40b0a98b987e901,545746000,31,DNA,1000,545746,true,0.8501946229848948,0.9825381054684147,0.9163663642266547,0.9825381054684147,12949,468783,4067213
3531000,0.006470042840442257,0.539279112754159,0.006415072213080811,0.006321773656801353,7.3441873750357045,6.0,7.61589038836702,signatures/514bdd6aa640f40cc6414be0e11ec2f6.sig.gz,"GCF_001314995.1 Bacteroides ovatus strain=ATCC 8483, ASM131499v1",514bdd6aa640f40cc6414be0e11ec2f6,0.5439001848428835,3501000,8,510703000,/nfs3_ib/nfs-ip34/home/def-ilafores/analysis/MethodsComparison/PD/preproc/SRR19064633/SRR19064633_unmatched_2.fastq,SRR19064633,81d9c50c0a575836c40b0a98b987e901,545746000,31,DNA,1000,545746,true,0.8499318454917704,0.9805468785413253,0.9152393620165478,0.9805468785413253,25712,494495,4067213
3560000,0.006523181113558322,0.7955535182214073,0.006360101585719364,0.006113522945564936,7.163641601843849,4.0,19.267118439051565,signatures/a8c995daf67b413b45a7f31c15f510d6.sig.gz,"GCA_025151215.1 Parabacteroides merdae ATCC 43184 strain=ATCC 43184, ASM2515121v1",a8c995daf67b413b45a7f31c15f510d6,0.8159523263809305,3471000,9,507232000,/nfs3_ib/nfs-ip34/home/def-ilafores/analysis/MethodsComparison/PD/preproc/SRR19064633/SRR19064633_unmatched_2.fastq,SRR19064633,81d9c50c0a575836c40b0a98b987e901,545746000,31,DNA,1000,545746,true,0.850156131733428,0.9934602087958212,0.9218081702646246,0.9934602087958212,24865,519360,4067213
3469000,0.0063564368772286006,0.7635923398635263,0.0063564368772286006,0.006321773656801353,7.411934275007207,7.0,6.130378070722986,signatures/aa387c39ac911f35b9a9d7259ce43062.sig.gz,"GCF_000701705.1 Bilophila wadsworthia ATCC 49260 strain=ATCC 49260, ASM70170v1",aa387c39ac911f35b9a9d7259ce43062,0.7635923398635263,3469000,10,503763000,/nfs3_ib/nfs-ip34/home/def-ilafores/analysis/MethodsComparison/PD/preproc/SRR19064633/SRR19064633_unmatched_2.fastq,SRR19064633,81d9c50c0a575836c40b0a98b987e901,545746000,31,DNA,1000,545746,true,0.8494462961958577,0.9913370569400608,0.9203916765679592,0.9913370569400608,25712,545072,4067213
3452000,0.006325286855057115,0.7338606241983754,0.006290472124394865,0.004505542247234162,5.337896883192543,5.0,4.427624258348148,signatures/1d173544271fef8a51c6d94810f03490.sig.gz,"GCF_000466485.1 [Clostridium] symbiosum ATCC 14940 strain=ATCC 14940, ASM46648v1",1d173544271fef8a51c6d94810f03490,0.7379221889696451,3433000,11,500330000,/nfs3_ib/nfs-ip34/home/def-ilafores/analysis/MethodsComparison/PD/preproc/SRR19064633/SRR19064633_unmatched_2.fastq,SRR19064633,81d9c50c0a575836c40b0a98b987e901,545746000,31,DNA,1000,545746,true,0.8493116944281688,0.9902441294941332,0.919777911961151,0.9902441294941332,18325,563397,4067213
3521000,0.006451719297988442,0.7509942554131683,0.006228172080051892,0.004988919931166624,5.96969696969697,5.0,4.255100215372054,signatures/47030cb09435e5a03e1ce6a49f0753a5.sig.gz,"GCF_002222615.2 Bacteroides caccae strain=ATCC 43185, ASM222261v2",47030cb09435e5a03e1ce6a49f0753a5,0.7779496243923995,3399000,12,496931000,/nfs3_ib/nfs-ip34/home/def-ilafores/analysis/MethodsComparison/PD/preproc/SRR19064633/SRR19064633_unmatched_2.fastq,SRR19064633,81d9c50c0a575836c40b0a98b987e901,545746000,31,DNA,1000,545746,true,0.8498540918883304,0.9919329243662707,0.9208935081273005,0.9919329243662707,20291,583688,4067213
3234000,0.005925833629563937,0.8958160155167636,0.005924001275318555,0.00604541734106377,7.605320136096505,7.0,6.09940311596691,signatures/aa9e1cae8cdb9ffad29d5e57edbea378.sig.gz,"GCF_900048895.1 Neglecta timonensis strain=SN17, PRJEB12697",aa9e1cae8cdb9ffad29d5e57edbea378,0.8960931005818786,3233000,13,493698000,/nfs3_ib/nfs-ip34/home/def-ilafores/analysis/MethodsComparison/PD/preproc/SRR19064633/SRR19064633_unmatched_2.fastq,SRR19064633,81d9c50c0a575836c40b0a98b987e901,545746000,31,DNA,1000,545746,true,0.8475263474531397,0.9964671917323747,0.9219967695927572,0.9964671917323747,24588,608276,4067213
3128000,0.005731604079553492,0.6701893439013651,0.005577686322941442,0.011779073286793684,15.73850197109067,15.0,9.701251114314019,signatures/2fc80b3803e2d9af5d93edb14dd1cc3b.sig.gz,"GCA_025147485.1 Bacteroides uniformis strain=ATCC 8492, ASM2514748v1",2fc80b3803e2d9af5d93edb14dd1cc3b,0.6886833993835315,3044000,14,490654000,/nfs3_ib/nfs-ip34/home/def-ilafores/analysis/MethodsComparison/PD/preproc/SRR19064633/SRR19064633_unmatched_2.fastq,SRR19064633,81d9c50c0a575836c40b0a98b987e901,545746000,31,DNA,1000,545746,true,0.8466157205356727,0.9880406808534576,0.9173282006945651,0.9880406808534576,47908,656184,4067213
3067000,0.005619830470585218,0.8594149389378017,0.005544703946524574,0.01847382962239745,24.83046926635823,25.0,15.318452932409514,signatures/f982b5aca79c1c7494057602ce436b4b.sig.gz,"GCF_004295125.1 [Clostridium] scindens ATCC 35704 strain=ATCC 35704, ASM429512v1",f982b5aca79c1c7494057602ce436b4b,0.871059358136893,3026000,15,487628000,/nfs3_ib/nfs-ip34/home/def-ilafores/analysis/MethodsComparison/PD/preproc/SRR19064633/SRR19064633_unmatched_2.fastq,SRR19064633,81d9c50c0a575836c40b0a98b987e901,545746000,31,DNA,1000,545746,true,0.8460780462741362,0.9955568306957209,0.9208174384849286,0.9955568306957209,75137,731321,4067213
2972000,0.00544575681727397,0.8697306791569087,0.005443924463028589,0.01851734836606787,25.34971390104342,24.0,12.787516622558227,signatures/7d16c365ec811a8b7ce46f4d5d065e20.sig.gz,"GCF_000585335.1 Cloacibacillus evryensis DSM 19522 strain=DSM 19522, ASM58533v1",7d16c365ec811a8b7ce46f4d5d065e20,0.870023419203747,2971000,16,484657000,/nfs3_ib/nfs-ip34/home/def-ilafores/analysis/MethodsComparison/PD/preproc/SRR19064633/SRR19064633_unmatched_2.fastq,SRR19064633,81d9c50c0a575836c40b0a98b987e901,545746000,31,DNA,1000,545746,true,0.8452197193257539,0.9955186150845357,0.9203691672051448,0.9955186150845357,75314,806635,4067213
2919000,0.005348642042268747,0.6430006697923644,0.005277180226698867,0.0061019671209744854,8.61736111111111,6.0,16.89144601837927,signatures/20e22b7a195404638366fe78b372a400.sig.gz,"GCA_025148125.1 Blautia wexlerae DSM 19850 strain=DSM 19850, ASM2514812v1",20e22b7a195404638366fe78b372a400,0.651707970529136,2880000,17,481777000,/nfs3_ib/nfs-ip34/home/def-ilafores/analysis/MethodsComparison/PD/preproc/SRR19064633/SRR19064633_unmatched_2.fastq,SRR19064633,81d9c50c0a575836c40b0a98b987e901,545746000,31,DNA,1000,545746,true,0.8447292515830261,0.9862833706874116,0.9155063111352189,0.9862833706874116,24818,831453,4067213
2792000,0.005115933053105291,0.6735537190082644,0.005077453613952278,0.009382837830229201,13.77192349332371,12.0,10.179583015748493,signatures/4edd699389284f85ac20f9344f953c5f.sig.gz,"GCF_000949455.1 Ruthenibacterium lactatiformans strain=585-1, ASM94945v1",4edd699389284f85ac20f9344f953c5f,0.6786582401555663,2771000,18,479006000,/nfs3_ib/nfs-ip34/home/def-ilafores/analysis/MethodsComparison/PD/preproc/SRR19064633/SRR19064633_unmatched_2.fastq,SRR19064633,81d9c50c0a575836c40b0a98b987e901,545746000,31,DNA,1000,545746,true,0.8435179913867563,0.9875734167307934,0.9155457040587749,0.9875734167307934,38162,869615,4067213
2666000,0.004885056418187215,0.9183040330920372,0.004881391709696452,0.004012329818969402,6.1257507507507505,5.0,3.950751320690139,signatures/80a0c7df05d28f92f6b93af8a523bc03.sig.gz,"GCA_025144995.1 Alistipes indistinctus YIT 12060 strain=YIT 12060, ASM2514499v1",80a0c7df05d28f92f6b93af8a523bc03,0.9189934505342985,2664000,19,476342000,/nfs3_ib/nfs-ip34/home/def-ilafores/analysis/MethodsComparison/PD/preproc/SRR19064633/SRR19064633_unmatched_2.fastq,SRR19064633,81d9c50c0a575836c40b0a98b987e901,545746000,31,DNA,1000,545746,true,0.8422623853304809,0.9972786681555421,0.9197705267430115,0.9972786681555421,16319,885934,4067213
2682000,0.0049143740861133205,0.8307210031347962,0.00485573875026111,0.003912998901213189,6.005660377358491,5.0,6.332632320849806,signatures/61ab0a53089d9927d1849dbe2fcc9041.sig.gz,"GCF_001280875.1 Sellimonas intestinalis strain=BR72, ASM128087v1",61ab0a53089d9927d1849dbe2fcc9041,0.8407523510971787,2650000,20,473692000,/nfs3_ib/nfs-ip34/home/def-ilafores/analysis/MethodsComparison/PD/preproc/SRR19064633/SRR19064633_unmatched_2.fastq,SRR19064633,81d9c50c0a575836c40b0a98b987e901,545746000,31,DNA,1000,545746,true,0.8424249729608972,0.9944202016149765,0.9184225872879368,0.9944202016149765,15915,901849,4067213
2672000,0.0048960505436595044,0.7248618784530386,0.00480809753988119,0.007146908706281181,11.077743902439025,7.0,18.699465846884603,signatures/74059216b7cd65a7ff314267c1b83b8e.sig.gz,"GCF_005121165.3 Dysosmobacter welbionis strain=J115, ASM512116v3",74059216b7cd65a7ff314267c1b83b8e,0.7381215469613259,2624000,21,471068000,/nfs3_ib/nfs-ip34/home/def-ilafores/analysis/MethodsComparison/PD/preproc/SRR19064633/SRR19064633_unmatched_2.fastq,SRR19064633,81d9c50c0a575836c40b0a98b987e901,545746000,31,DNA,1000,545746,true,0.8423234660745113,0.9902527582244749,0.916288112149493,0.9902527582244749,29068,930917,4067213
2696000,0.004940027045548662,0.7619326500732064,0.004767785746482796,0.0070153690008366906,10.965795541890854,10.0,9.29654824662244,signatures/e1b93142127dc8be3011c5319cf2e44d.sig.gz,"GCF_014287895.1 Lawsonibacter sp. NSJ-51 strain=NSJ-51, ASM1428789v1",e1b93142127dc8be3011c5319cf2e44d,0.7894582723279648,2602000,22,468466000,/nfs3_ib/nfs-ip34/home/def-ilafores/analysis/MethodsComparison/PD/preproc/SRR19064633/SRR19064633_unmatched_2.fastq,SRR19064633,81d9c50c0a575836c40b0a98b987e901,545746000,31,DNA,1000,545746,true,0.8425664689806351,0.9924029305335647,0.9174846997570999,0.9924029305335647,28533,959450,4067213
2596000,0.004756791621010507,0.7459039954009773,0.004754959266765125,0.0038357961582046476,6.0119460500963395,5.0,4.150568346645108,signatures/85180973bcf7ff8f6fcf5e290ed49454.sig.gz,"GCF_000024265.1 Eggerthella lenta DSM 2243 strain=DSM 2243, ASM2426v1",85180973bcf7ff8f6fcf5e290ed49454,0.746191434320207,2595000,23,465871000,/nfs3_ib/nfs-ip34/home/def-ilafores/analysis/MethodsComparison/PD/preproc/SRR19064633/SRR19064633_unmatched_2.fastq,SRR19064633,81d9c50c0a575836c40b0a98b987e901,545746000,31,DNA,1000,545746,true,0.8415397783381747,0.9906001638113824,0.9160699710747786,0.9906001638113824,15601,975051,4067213
2565000,0.004699988639403679,0.4069054533720555,0.004621197406852272,0.001445461548239544,2.331086439333862,1.0,9.202854064229246,signatures/dbd6c540cf449ec70979210a14f4ba9c.sig.gz,"GCF_020215665.1 Blautia sp. NBRC 113351 strain=NBRC 113351, ASM2021566v1",dbd6c540cf449ec70979210a14f4ba9c,0.4138431752178122,2522000,24,463349000,/nfs3_ib/nfs-ip34/home/def-ilafores/analysis/MethodsComparison/PD/preproc/SRR19064633/SRR19064633_unmatched_2.fastq,SRR19064633,81d9c50c0a575836c40b0a98b987e901,545746000,31,DNA,1000,545746,true,0.8412137225897314,0.9719409145251213,0.9065773185574264,0.9719409145251213,5879,980930,4067213
2432000,0.004456285524767932,0.7666034155597723,0.00444162669080488,0.010957626266438468,18.385726072607262,18.0,8.848848681476584,signatures/a99ae95d2b809873aebbc6c9da5f82bb.sig.gz,"GCF_900199635.1 Anaerotruncus massiliensis strain=AT3, PRJEB19460",a99ae95d2b809873aebbc6c9da5f82bb,0.7691334598355472,2424000,25,460925000,/nfs3_ib/nfs-ip34/home/def-ilafores/analysis/MethodsComparison/PD/preproc/SRR19064633/SRR19064633_unmatched_2.fastq,SRR19064633,81d9c50c0a575836c40b0a98b987e901,545746000,31,DNA,1000,545746,true,0.8397701234479061,0.9915683034934751,0.9156692134706906,0.9915683034934751,44567,1025497,4067213
2506000,0.004591879738926167,0.39834299917149957,0.004404979605897249,0.0013185933463528956,2.230865224625624,2.0,4.55100827176307,signatures/420d475a10a0d7f2dd3f44da9d2fe498.sig.gz,"GCF_003434055.1 Enterocloster aldensis strain=AF19-9LB, ASM343405v1",420d475a10a0d7f2dd3f44da9d2fe498,0.4152444076222038,2404000,26,458521000,/nfs3_ib/nfs-ip34/home/def-ilafores/analysis/MethodsComparison/PD/preproc/SRR19064633/SRR19064633_unmatched_2.fastq,SRR19064633,81d9c50c0a575836c40b0a98b987e901,545746000,31,DNA,1000,545746,true,0.8405824896486249,0.9720468989429574,0.9063146942957911,0.9720468989429574,5363,1030860,4067213
2411000,0.0044178060856149195,0.9364522417153996,0.004401314897406486,0.0029317372854581257,4.9641965029142385,4.0,7.71939502109964,signatures/385bb9fefba9fb1bfb2205fe40c7a8ea.sig.gz,"GCF_001546855.1 Megasphaera sp. MJR8396C strain=MJR8396C, ASM154685v1",385bb9fefba9fb1bfb2205fe40c7a8ea,0.9399610136452242,2402000,27,456119000,/nfs3_ib/nfs-ip34/home/def-ilafores/analysis/MethodsComparison/PD/preproc/SRR19064633/SRR19064633_unmatched_2.fastq,SRR19064633,81d9c50c0a575836c40b0a98b987e901,545746000,31,DNA,1000,545746,true,0.8395352275012098,0.9980046746225748,0.9187699510618923,0.9980046746225748,11924,1042784,4067213
2569000,0.004707318056385205,0.6157597535934292,0.004395817834670341,0.00902116510740893,15.294289287203002,14.0,10.972097541181617,signatures/0878062848e44bf823b15b8a5d1eba75.sig.gz,"GCA_025147325.1 Bacteroides stercoris ATCC 43183 strain=ATCC 43183, ASM2514732v1",0878062848e44bf823b15b8a5d1eba75,0.659394250513347,2399000,28,453720000,/nfs3_ib/nfs-ip34/home/def-ilafores/analysis/MethodsComparison/PD/preproc/SRR19064633/SRR19064633_unmatched_2.fastq,SRR19064633,81d9c50c0a575836c40b0a98b987e901,545746000,31,DNA,1000,545746,true,0.8412560079252076,0.9866564805840388,0.9139562442546232,0.9866564805840388,36691,1079475,4067213
2430000,0.004452620816277169,0.5316681534344335,0.004368332520989618,0.001596916610956938,2.7244127516778525,2.0,2.697558178230465,signatures/52a30bfa0bfdcae6e32d2b99f1ec398b.sig.gz,"GCF_900142645.1 Eubacterium callanderi strain=FD, IMG-taxon 2642422560 annotated assembly",52a30bfa0bfdcae6e32d2b99f1ec398b,0.5419268510258698,2384000,29,451336000,/nfs3_ib/nfs-ip34/home/def-ilafores/analysis/MethodsComparison/PD/preproc/SRR19064633/SRR19064633_unmatched_2.fastq,SRR19064633,81d9c50c0a575836c40b0a98b987e901,545746000,31,DNA,1000,545746,true,0.83974783714524,0.9804319172617698,0.9100898772035049,0.9804319172617698,6495,1085970,4067213
2520000,0.004617532698361509,0.347571679344646,0.004353673687026566,0.001374651389046996,2.353114478114478,1.0,5.581080389449173,signatures/0f58288732b3804f3c8d60da453de357.sig.gz,"GCA_025149285.1 Hungatella hathewayi strain=DSM 13479, ASM2514928v1",0f58288732b3804f3c8d60da453de357,0.36863662960795784,2376000,30,448960000,/nfs3_ib/nfs-ip34/home/def-ilafores/analysis/MethodsComparison/PD/preproc/SRR19064633/SRR19064633_unmatched_2.fastq,SRR19064633,81d9c50c0a575836c40b0a98b987e901,545746000,31,DNA,1000,545746,true,0.8407335652528027,0.9683209008115915,0.9045272330321972,0.9683209008115915,5591,1091561,4067213
2375000,0.004351841332781184,0.895059364228265,0.004282211871456685,0.0027601209968595203,4.803594351732991,4.0,3.989119230173464,signatures/ff319075e0e50fcb7f8fec8840a453c8.sig.gz,"GCF_003425665.1 Evtepia gabavorous strain=KLE1738, ASM342566v1",ff319075e0e50fcb7f8fec8840a453c8,0.9096131750287246,2337000,31,446623000,/nfs3_ib/nfs-ip34/home/def-ilafores/analysis/MethodsComparison/PD/preproc/SRR19064633/SRR19064633_unmatched_2.fastq,SRR19064633,81d9c50c0a575836c40b0a98b987e901,545746000,31,DNA,1000,545746,true,0.8391279036445967,0.9969486695671154,0.9180382866058561,0.9969486695671154,11226,1102787,4067213
2312000,0.004236403015322146,0.7122905027932961,0.004205252993150659,0.01354834379217415,24.01045751633987,21.0,22.475973606298485,signatures/d857a1209d50af1cfcfc6c682397f261.sig.gz,"GCF_000173975.1 Anaerobutyricum hallii DSM 3353 strain=DSM 3353, ASM17397v1",d857a1209d50af1cfcfc6c682397f261,0.7175667287399131,2295000,32,444328000,/nfs3_ib/nfs-ip34/home/def-ilafores/analysis/MethodsComparison/PD/preproc/SRR19064633/SRR19064633_unmatched_2.fastq,SRR19064633,81d9c50c0a575836c40b0a98b987e901,545746000,31,DNA,1000,545746,true,0.8384004925641024,0.9893509988453816,0.913875745704742,0.9893509988453816,55104,1157891,4067213
2310000,0.004232738306831383,0.6335835418404225,0.004175935325224555,0.018950077116688994,33.81921895568232,32.0,20.948373807158234,signatures/79a393fb99d8977a1fe96a36cabdd09c.sig.gz,"GCF_000265365.1 Alistipes finegoldii DSM 17242 strain=DSM 17242, ASM26536v1",79a393fb99d8977a1fe96a36cabdd09c,0.6422018348623854,2279000,33,442049000,/nfs3_ib/nfs-ip34/home/def-ilafores/analysis/MethodsComparison/PD/preproc/SRR19064633/SRR19064633_unmatched_2.fastq,SRR19064633,81d9c50c0a575836c40b0a98b987e901,545746000,31,DNA,1000,545746,true,0.8383770872838245,0.985815985539856,0.9120965364118403,0.985815985539856,77074,1234965,4067213
2354000,0.004313361893628171,0.48121606948968515,0.004060497007765517,0.0015135671527407096,2.7779783393501805,2.0,6.787609668385571,signatures/a63a81f7bc7c333dc06b5ea16a429445.sig.gz,"GCF_900086585.1 Emergencia timonensis strain=SN18, PRJEB13931",a63a81f7bc7c333dc06b5ea16a429445,0.5111834961997829,2216000,34,439833000,/nfs3_ib/nfs-ip34/home/def-ilafores/analysis/MethodsComparison/PD/preproc/SRR19064633/SRR19064633_unmatched_2.fastq,SRR19064633,81d9c50c0a575836c40b0a98b987e901,545746000,31,DNA,1000,545746,true,0.8388875298665014,0.9785865725343663,0.9087370512004338,0.9785865725343663,6156,1241121,4067213
2306000,0.004225408889849857,0.3668158461793469,0.004054999945029373,0.0027576623107764455,5.0682331676457295,2.0,11.904285717032955,signatures/c7fdedc4e0f0b75c8d3f4fbb28a2d541.sig.gz,"GCF_009696275.1 Eisenbergiella tayi strain=WCA-389-WT-23B, ASM969627v1",c7fdedc4e0f0b75c8d3f4fbb28a2d541,0.38223106248964034,2213000,35,437620000,/nfs3_ib/nfs-ip34/home/def-ilafores/analysis/MethodsComparison/PD/preproc/SRR19064633/SRR19064633_unmatched_2.fastq,SRR19064633,81d9c50c0a575836c40b0a98b987e901,545746000,31,DNA,1000,545746,true,0.8383302178332636,0.9694527444588883,0.9038914811460759,0.9694527444588883,11216,1252337,4067213
2179000,0.0039926999006864,0.8798057466612708,0.003983538129459492,0.0053889481568828584,10.081876724931004,9.0,5.292259972179946,signatures/4f67be0f727fda42c2baa38b6f3b835d.sig.gz,"GCA_900544375.1 uncultured Ruminococcaceae bacterium, UMGS668",4f67be0f727fda42c2baa38b6f3b835d,0.8818292189397006,2174000,36,435446000,/nfs3_ib/nfs-ip34/home/def-ilafores/analysis/MethodsComparison/PD/preproc/SRR19064633/SRR19064633_unmatched_2.fastq,SRR19064633,81d9c50c0a575836c40b0a98b987e901,545746000,31,DNA,1000,545746,true,0.8367996800114768,0.9959515439242518,0.9163756119678643,0.9959515439242518,21918,1274255,4067213
2213000,0.004054999945029373,0.514383227693808,0.003866267457755073,0.0020313664418362158,3.91563981042654,3.0,4.199807256142462,signatures/d032ebaee27bc1c409ba1a161bba51c6.sig.gz,"GCF_024622975.1 Blautia caecimuris strain=DSM 29492, ASM2462297v1",d032ebaee27bc1c409ba1a161bba51c6,0.5394929302779132,2110000,37,433336000,/nfs3_ib/nfs-ip34/home/def-ilafores/analysis/MethodsComparison/PD/preproc/SRR19064633/SRR19064633_unmatched_2.fastq,SRR19064633,81d9c50c0a575836c40b0a98b987e901,545746000,31,DNA,1000,545746,true,0.8372177254872638,0.9802895641159005,0.9087536448015822,0.9802895641159005,8262,1282517,4067213
2206000,0.004042173465311702,0.5039806996381182,0.0038277880186020604,0.0030745869468847588,5.9861177596936335,4.0,12.659865181437508,signatures/928b2d7b80c57c283b973481c1cf1d26.sig.gz,"GCF_020554845.1 Blautia faecis strain=DFI.3.66, ASM2055484v1",928b2d7b80c57c283b973481c1cf1d26,0.5322074788902292,2089000,38,431247000,/nfs3_ib/nfs-ip34/home/def-ilafores/analysis/MethodsComparison/PD/preproc/SRR19064633/SRR19064633_unmatched_2.fastq,SRR19064633,81d9c50c0a575836c40b0a98b987e901,545746000,31,DNA,1000,545746,true,0.8371321678217122,0.9798597138452798,0.908495940833496,0.9798597138452798,12505,1295022,4067213
2201000,0.004033011694084794,0.5776223776223777,0.003783811516712903,0.0029093632421021472,5.730266343825666,4.0,7.4717468923924555,signatures/6fb5d9fae55cc8ecb2a67f82352fb7a7.sig.gz,"GCA_025147765.1 Blautia obeum ATCC 29174 strain=ATCC 29174, ASM2514776v1",6fb5d9fae55cc8ecb2a67f82352fb7a7,0.6156643356643356,2065000,39,429182000,/nfs3_ib/nfs-ip34/home/def-ilafores/analysis/MethodsComparison/PD/preproc/SRR19064633/SRR19064633_unmatched_2.fastq,SRR19064633,81d9c50c0a575836c40b0a98b987e901,545746000,31,DNA,1000,545746,true,0.8370708941961887,0.9844748934864899,0.9107728938413393,0.9844748934864899,11833,1306855,4067213
2056000,0.003767320328504469,0.7654462242562929,0.003677534970480773,0.004133051305648364,8.375685102142501,7.0,7.0741229465124515,signatures/f688e4f928dd46c9b090e97a39a1952a.sig.gz,"GCA_025152405.1 [Ruminococcus] lactaris ATCC 29176 strain=ATCC 29176, ASM2515240v1",f688e4f928dd46c9b090e97a39a1952a,0.7841342486651411,2007000,40,427175000,/nfs3_ib/nfs-ip34/home/def-ilafores/analysis/MethodsComparison/PD/preproc/SRR19064633/SRR19064633_unmatched_2.fastq,SRR19064633,81d9c50c0a575836c40b0a98b987e901,545746000,31,DNA,1000,545746,true,0.8352327242895005,0.9921863306130853,0.9137095274512929,0.9921863306130853,16810,1323665,4067213
2782000,0.0050976095106514754,0.4908909408535064,0.003604240800665511,0.0019462959033618352,4.024402643619726,3.0,4.240772672370212,signatures/62b03b4f0784189f3ee5b7d7041318cd.sig.gz,"GCF_019597925.1 [Clostridium] scindens strain=Q4, ASM1959792v1",62b03b4f0784189f3ee5b7d7041318cd,0.6942850012478163,1967000,41,425208000,/nfs3_ib/nfs-ip34/home/def-ilafores/analysis/MethodsComparison/PD/preproc/SRR19064633/SRR19064633_unmatched_2.fastq,SRR19064633,81d9c50c0a575836c40b0a98b987e901,545746000,31,DNA,1000,545746,true,0.8434203641448667,0.9882989081984055,0.915859636171636,0.9882989081984055,7916,1331581,4067213
1945000,0.003563929007267117,0.6779601816276632,0.003556599590285591,0.002884530512663094,6.044307058217414,5.0,4.063901577223899,signatures/befbde12b1a21f4b4490038c98715555.sig.gz,"GCF_004341945.1 Longicatena caecimuris strain=DSM 29481, ASM434194v1",befbde12b1a21f4b4490038c98715555,0.6793573174991268,1941000,42,423267000,/nfs3_ib/nfs-ip34/home/def-ilafores/analysis/MethodsComparison/PD/preproc/SRR19064633/SRR19064633_unmatched_2.fastq,SRR19064633,81d9c50c0a575836c40b0a98b987e901,545746000,31,DNA,1000,545746,true,0.8337387160864275,0.9876062160949888,0.9106724660907082,0.9876062160949888,11732,1343313,4067213
1963000,0.0035969113836839847,0.5692077727952167,0.003488802483206473,0.0017019025067042223,3.6355042016806722,3.0,5.161724839354496,signatures/0853621051a180c015742b26344aa892.sig.gz,"GCA_902363425.1 Bacteroidales bacterium, MGYG-HGUT-00117",0853621051a180c015742b26344aa892,0.5868460388639761,1904000,43,421363000,/nfs3_ib/nfs-ip34/home/def-ilafores/analysis/MethodsComparison/PD/preproc/SRR19064633/SRR19064633_unmatched_2.fastq,SRR19064633,81d9c50c0a575836c40b0a98b987e901,545746000,31,DNA,1000,545746,true,0.8339865061123679,0.9829536461614385,0.9084700761369032,0.9829536461614385,6922,1350235,4067213
1878000,0.003441161272826553,0.6113853241197762,0.003404514187918922,0.0016583837630338022,3.6302475780409043,3.0,3.403678445006862,signatures/655feb99de6d4affd517d5ed2f459c94.sig.gz,"GCA_000154345.1 [Clostridium] leptum DSM 753 strain=DSM 753, ASM15434v1",655feb99de6d4affd517d5ed2f459c94,0.6179664363277394,1858000,44,419505000,/nfs3_ib/nfs-ip34/home/def-ilafores/analysis/MethodsComparison/PD/preproc/SRR19064633/SRR19064633_unmatched_2.fastq,SRR19064633,81d9c50c0a575836c40b0a98b987e901,545746000,31,DNA,1000,545746,true,0.832796462672557,0.984593426332122,0.9086949445023396,0.984593426332122,6745,1356980,4067213
1945000,0.003563929007267117,0.4754736568907345,0.0033568729775390015,0.0013377710978008774,2.9699781659388647,2.0,3.5224908068353336,signatures/2de6b86d95365c349243cb609e5c2a62.sig.gz,"GCF_000239295.1 Flavonifractor plautii ATCC 29863 strain=ATCC 29863, ASM23929v1",2de6b86d95365c349243cb609e5c2a62,0.504801453412925,1832000,45,417673000,/nfs3_ib/nfs-ip34/home/def-ilafores/analysis/MethodsComparison/PD/preproc/SRR19064633/SRR19064633_unmatched_2.fastq,SRR19064633,81d9c50c0a575836c40b0a98b987e901,545746000,31,DNA,1000,545746,true,0.8337387160864275,0.9781900592858003,0.9059643876861139,0.9781900592858003,5441,1362421,4067213
1828000,0.0033495435605574754,0.759983007646559,0.003278081744987595,0.006175481834858415,14.039686975964226,13.0,8.254347643309258,signatures/6ec0a8bd69462a9a0d084965d0cc5a9f.sig.gz,"GCA_900551465.1 uncultured Blautia sp., UMGS1415",6ec0a8bd69462a9a0d084965d0cc5a9f,0.7765505522514868,1789000,46,415884000,/nfs3_ib/nfs-ip34/home/def-ilafores/analysis/MethodsComparison/PD/preproc/SRR19064633/SRR19064633_unmatched_2.fastq,SRR19064633,81d9c50c0a575836c40b0a98b987e901,545746000,31,DNA,1000,545746,true,0.8320718446909426,0.9918753290126469,0.9119735868517947,0.9918753290126469,25117,1387538,4067213
1775000,0.0032524287855522534,0.9013796627491057,0.0032322728888530563,0.013433523152094567,30.973356009070294,29.0,13.84199277635448,signatures/157911869c73b31d81e72062d66c4f5d.sig.gz,"GCA_900544965.1 uncultured Clostridiales bacterium, UMGS726",157911869c73b31d81e72062d66c4f5d,0.9070005109862034,1764000,47,414120000,/nfs3_ib/nfs-ip34/home/def-ilafores/analysis/MethodsComparison/PD/preproc/SRR19064633/SRR19064633_unmatched_2.fastq,SRR19064633,81d9c50c0a575836c40b0a98b987e901,545746000,31,DNA,1000,545746,true,0.831282501283922,0.9968561694596141,0.914069335371768,0.9968561694596141,54637,1442175,4067213
1947000,0.00356759371575788,0.23575373838070862,0.0032066199294177146,0.0009318420254852647,2.165714285714286,1.0,2.7221779995482454,signatures/9e874553e32e3e45ca8f11c1e28ad2c7.sig.gz,"GCF_001881565.1 Eisenbergiella tayi strain=DSM 26961, ASM188156v1",9e874553e32e3e45ca8f11c1e28ad2c7,0.26229287350127983,1750000,48,412370000,/nfs3_ib/nfs-ip34/home/def-ilafores/analysis/MethodsComparison/PD/preproc/SRR19064633/SRR19064633_unmatched_2.fastq,SRR19064633,81d9c50c0a575836c40b0a98b987e901,545746000,31,DNA,1000,545746,true,0.8337663576542484,0.9577478310292037,0.8957570943417261,0.9577478310292037,3790,1445965,4067213
1744000,0.003195625803945425,0.8875318066157761,0.003195625803945425,0.0036767191686297228,8.57454128440367,7.0,10.042293294168108,signatures/b9868691d1c5cbf862cc45459138b40a.sig.gz,"GCF_000016825.1 Lactobacillus reuteri DSM 20016 strain=DSM 20016, ASM1682v1",b9868691d1c5cbf862cc45459138b40a,0.8875318066157761,1744000,49,410626000,/nfs3_ib/nfs-ip34/home/def-ilafores/analysis/MethodsComparison/PD/preproc/SRR19064633/SRR19064633_unmatched_2.fastq,SRR19064633,81d9c50c0a575836c40b0a98b987e901,545746000,31,DNA,1000,545746,true,0.8308101694785488,0.9961586575551634,0.913484413516856,0.9961586575551634,14954,1460919,4067213
1701000,0.0031168345713940187,0.7587131367292225,0.0031113375086578737,0.006580919169957413,15.763250883392226,15.0,10.66451760378826,signatures/d6ec1bf8f193a3a0129b996a97606afd.sig.gz,"GCF_003269275.1 Phascolarctobacterium faecium DSM 14760 strain=DSM 14760, ASM326927v1",d6ec1bf8f193a3a0129b996a97606afd,0.760053619302949,1698000,50,408928000,/nfs3_ib/nfs-ip34/home/def-ilafores/analysis/MethodsComparison/PD/preproc/SRR19064633/SRR19064633_unmatched_2.fastq,SRR19064633,81d9c50c0a575836c40b0a98b987e901,545746000,31,DNA,1000,545746,true,0.8301413683018967,0.9911885249186787,0.9106649466102876,0.9911885249186787,26766,1487685,4067213
1697000,0.003109505154412492,0.5146235220908525,0.0030307139218610857,0.001194675567765937,2.937726723095526,2.0,2.453754354201147,signatures/258760aab9c6ac2bdd2f8461544f96e1.sig.gz,"GCF_004154955.1 Intestinimonas butyriciproducens strain=SRB-521-5-I, ASM415495v1",258760aab9c6ac2bdd2f8461544f96e1,0.5280024891101431,1654000,51,407274000,/nfs3_ib/nfs-ip34/home/def-ilafores/analysis/MethodsComparison/PD/preproc/SRR19064633/SRR19064633_unmatched_2.fastq,SRR19064633,81d9c50c0a575836c40b0a98b987e901,545746000,31,DNA,1000,545746,true,0.8300783247484168,0.979609015204365,0.9048436699763909,0.979609015204365,4859,1492544,4067213
1729000,0.003168140490264702,0.5248868778280543,0.002975743294499639,0.001488488554693349,3.727832512315271,2.0,7.491197706992403,signatures/41e7c2fe5d9d2dd0e688784a18ca64d6.sig.gz,"GCF_001244995.1 Intestinimonas massiliensis strain=GD2, Intestinimonas massiliensis",41e7c2fe5d9d2dd0e688784a18ca64d6,0.5588235294117647,1624000,52,405650000,/nfs3_ib/nfs-ip34/home/def-ilafores/analysis/MethodsComparison/PD/preproc/SRR19064633/SRR19064633_unmatched_2.fastq,SRR19064633,81d9c50c0a575836c40b0a98b987e901,545746000,31,DNA,1000,545746,true,0.8305786973126196,0.9814034276140771,0.9059910624633483,0.9814034276140771,6054,1498598,4067213
1639000,0.003003228608180362,0.5883206383750453,0.002972078586008876,0.0016310923475116744,4.090012330456227,3.0,5.1762319726914345,signatures/4efef2f424bbad60f40038d5e3fd0002.sig.gz,"GCA_900544295.1 uncultured Clostridiales bacterium, UMGS658",4efef2f424bbad60f40038d5e3fd0002,0.5944867609720711,1622000,53,404028000,/nfs3_ib/nfs-ip34/home/def-ilafores/analysis/MethodsComparison/PD/preproc/SRR19064633/SRR19064633_unmatched_2.fastq,SRR19064633,81d9c50c0a575836c40b0a98b987e901,545746000,31,DNA,1000,545746,true,0.8291476680243786,0.9833639070861186,0.9062557875552486,0.9833639070861186,6634,1505232,4067213
1637000,0.002999563899689599,0.6026033690658499,0.0028841255822305615,0.001057235015722068,2.7318932655654384,2.0,2.4658865632081075,signatures/09a733b1bc16d57b28af752939010678.sig.gz,"GCF_000153925.1 [Ruminococcus] torques ATCC 27756 strain=ATCC 27756, ASM15392v1",09a733b1bc16d57b28af752939010678,0.6267228177641654,1574000,54,402454000,/nfs3_ib/nfs-ip34/home/def-ilafores/analysis/MethodsComparison/PD/preproc/SRR19064633/SRR19064633_unmatched_2.fastq,SRR19064633,81d9c50c0a575836c40b0a98b987e901,545746000,31,DNA,1000,545746,true,0.8291150109113623,0.9850404131257979,0.9070777120185801,0.9850404131257979,4300,1509532,4067213
1593000,0.002918940312892811,0.5979102167182663,0.0028309873091144967,0.010677090184359658,28.107443365695794,27.0,14.318480248795348,signatures/db9feafdd9d3e3f2fb5caf52a730ce6a.sig.gz,"GCF_000154465.1 Alistipes putredinis DSM 17216 strain=DSM 17216, ASM15446v1",db9feafdd9d3e3f2fb5caf52a730ce6a,0.6164860681114551,1545000,55,400909000,/nfs3_ib/nfs-ip34/home/def-ilafores/analysis/MethodsComparison/PD/preproc/SRR19064633/SRR19064633_unmatched_2.fastq,SRR19064633,81d9c50c0a575836c40b0a98b987e901,545746000,31,DNA,1000,545746,true,0.8283866120463764,0.9845172528149689,0.9064519324306727,0.9845172528149689,43426,1552958,4067213
1543000,0.002827322600623733,0.5712699000370233,0.002827322600623733,0.10190983358874985,268.62540505508747,260.0,139.5008031022904,signatures/f3a90d4e5528864a5bcc8434b0d0c3b1.sig.gz,"GCF_000020225.1 Akkermansia muciniphila ATCC BAA-835 strain=ATCC BAA-835, ASM2022v1",f3a90d4e5528864a5bcc8434b0d0c3b1,0.5712699000370233,1543000,56,399366000,/nfs3_ib/nfs-ip34/home/def-ilafores/analysis/MethodsComparison/PD/preproc/SRR19064633/SRR19064633_unmatched_2.fastq,SRR19064633,81d9c50c0a575836c40b0a98b987e901,545746000,31,DNA,1000,545746,true,0.8275348686750086,0.982101043115614,0.9048179558953113,0.982101043115614,414489,1967447,4067213
1622000,0.002972078586008876,0.45492412972329666,0.0028016696411883916,0.0009148770915120501,2.433616742969261,2.0,3.226516212085182,signatures/99e65f8593549ca8e3e843eee40eeb60.sig.gz,"GCF_000210055.1 Gordonibacter pamelaeae 7-10-1-b strain=7-10-1-bT, ASM21005v1",99e65f8593549ca8e3e843eee40eeb60,0.4825944659327581,1529000,57,397837000,/nfs3_ib/nfs-ip34/home/def-ilafores/analysis/MethodsComparison/PD/preproc/SRR19064633/SRR19064633_unmatched_2.fastq,SRR19064633,81d9c50c0a575836c40b0a98b987e901,545746000,31,DNA,1000,545746,true,0.8288688446297143,0.9767714982963189,0.9028201714630166,0.9767714982963189,3721,1971168,4067213
1484000,0.0027192137001462217,0.7054041128646581,0.002702722511937788,0.006680250087713626,18.420338983050847,17.0,12.42467173335782,signatures/bd754938310a5b6956c74c267a4bce67.sig.gz,"GCF_003479805.1 Collinsella sp. AF08-23 strain=AF08-23, ASM347980v1",bd754938310a5b6956c74c267a4bce67,0.7097082735533238,1475000,58,396362000,/nfs3_ib/nfs-ip34/home/def-ilafores/analysis/MethodsComparison/PD/preproc/SRR19064633/SRR19064633_unmatched_2.fastq,SRR19064633,81d9c50c0a575836c40b0a98b987e901,545746000,31,DNA,1000,545746,true,0.8264947661935389,0.9889996201105251,0.907747193152032,0.9889996201105251,27170,1998338,4067213
1472000,0.002697225449201643,0.5711493354182955,0.0026770695525024464,0.001267206807216637,3.5277207392197125,3.0,3.1971632821527547,signatures/99b248bb61fb0d18d5a4d296ca67ebcb.sig.gz,"GCA_900544975.1 uncultured Clostridiales bacterium, UMGS730",99b248bb61fb0d18d5a4d296ca67ebcb,0.5754495699765442,1461000,59,394901000,/nfs3_ib/nfs-ip34/home/def-ilafores/analysis/MethodsComparison/PD/preproc/SRR19064633/SRR19064633_unmatched_2.fastq,SRR19064633,81d9c50c0a575836c40b0a98b987e901,545746000,31,DNA,1000,545746,true,0.8262783295748866,0.9823320166728949,0.9043051731238907,0.9823320166728949,5154,2003492,4067213
1467000,0.0026880636779747355,0.5152394775036284,0.0026019430284418025,0.0009239742300194261,2.6464788732394364,2.0,3.4195515308427344,signatures/fd013d3845ae9fce3c430cbd276efdf0.sig.gz,"GCA_900549885.1 uncultured Clostridiales bacterium, UMGS1232",fd013d3845ae9fce3c430cbd276efdf0,0.5322931785195936,1420000,60,393481000,/nfs3_ib/nfs-ip34/home/def-ilafores/analysis/MethodsComparison/PD/preproc/SRR19064633/SRR19064633_unmatched_2.fastq,SRR19064633,81d9c50c0a575836c40b0a98b987e901,545746000,31,DNA,1000,545746,true,0.8261876432779548,0.9798648032424346,0.9030262232601947,0.9798648032424346,3758,2007250,4067213
3006000,0.005508056861616943,0.2535390199637024,0.002559798880798027,0.004522753049815685,13.167501789549034,2.0,31.741944509084277,signatures/f906f0ea3324bc6db880a742f3f0b0ba.sig.gz,"GCF_013009555.1 Bacteroides dorei strain=DSM 17855, ASM1300955v1",f906f0ea3324bc6db880a742f3f0b0ba,0.5455535390199637,1397000,61,392084000,/nfs3_ib/nfs-ip34/home/def-ilafores/analysis/MethodsComparison/PD/preproc/SRR19064633/SRR19064633_unmatched_2.fastq,SRR19064633,81d9c50c0a575836c40b0a98b987e901,545746000,31,DNA,1000,545746,true,0.8455299218263799,0.9806428882975482,0.913086405061964,0.9806428882975482,18395,2025645,4067213
1387000,0.0025414753383442112,0.6339122486288848,0.0025414753383442112,0.0020436598722515884,5.992790194664744,5.0,3.422847015058946,signatures/2d7b5f58e160044cb35a958558c852de.sig.gz,"GCA_900538905.1 uncultured Sutterella sp., UMGS71",2d7b5f58e160044cb35a958558c852de,0.6339122486288848,1387000,62,390697000,/nfs3_ib/nfs-ip34/home/def-ilafores/analysis/MethodsComparison/PD/preproc/SRR19064633/SRR19064633_unmatched_2.fastq,SRR19064633,81d9c50c0a575836c40b0a98b987e901,545746000,31,DNA,1000,545746,true,0.8246944911479773,0.9854029165280899,0.9050487038380336,0.9854029165280899,8312,2033957,4067213
1386000,0.0025396429840988297,0.6724890829694323,0.0025396429840988297,0.0034960057415237412,10.259018759018758,9.0,8.044160774008043,signatures/547a3f2ab4f62d89a831affe0928e812.sig.gz,"GCF_001025195.1 Bifidobacterium catenulatum DSM 16992 = JCM 1194 = LMG 11043 strain=JCM 1194, ASM102519v1",547a3f2ab4f62d89a831affe0928e812,0.6724890829694323,1386000,63,389311000,/nfs3_ib/nfs-ip34/home/def-ilafores/analysis/MethodsComparison/PD/preproc/SRR19064633/SRR19064633_unmatched_2.fastq,SRR19064633,81d9c50c0a575836c40b0a98b987e901,545746000,31,DNA,1000,545746,true,0.8246753041737356,0.9872825460969,0.9059789251353179,0.9872825460969,14219,2048176,4067213
1380000,0.0025286488586265406,0.5665289256198347,0.0025121576704181066,0.0008580814429930274,2.5455871626549964,2.0,1.7456627093797574,signatures/86a3c39ca09a49f39dc804ec3ec7d122.sig.gz,"GCA_900543485.1 uncultured Eubacterium sp., UMGS574",86a3c39ca09a49f39dc804ec3ec7d122,0.5702479338842975,1371000,64,387940000,/nfs3_ib/nfs-ip34/home/def-ilafores/analysis/MethodsComparison/PD/preproc/SRR19064633/SRR19064633_unmatched_2.fastq,SRR19064633,81d9c50c0a575836c40b0a98b987e901,545746000,31,DNA,1000,545746,true,0.8245599002280006,0.9820443192447815,0.9033021097363911,0.9820443192447815,3490,2051666,4067213
1534000,0.0028108314124152996,0.337857847976308,0.0025084929619273435,0.0012497501360268076,3.712929145361578,2.0,13.453493227594398,signatures/2297ea50ecdd1c8050ea75a720bbf9de.sig.gz,"GCF_000174195.1 Roseburia inulinivorans DSM 16841 strain=DSM 16841, ASM17419v1",2297ea50ecdd1c8050ea75a720bbf9de,0.37857847976307996,1369000,65,386571000,/nfs3_ib/nfs-ip34/home/def-ilafores/analysis/MethodsComparison/PD/preproc/SRR19064633/SRR19064633_unmatched_2.fastq,SRR19064633,81d9c50c0a575836c40b0a98b987e901,545746000,31,DNA,1000,545746,true,0.8273787230287918,0.969152513733386,0.8982656183810889,0.969152513733386,5083,2056749,4067213
1356000,0.0024846723567373834,0.5516680227827502,0.0024846723567373834,0.0007715356928688023,2.314159292035398,2.0,1.7037543442296808,signatures/0970242490e25b2801f4025f252ead21.sig.gz,"GCA_900543695.1 uncultured Clostridium sp., UMGS593",0970242490e25b2801f4025f252ead21,0.5516680227827502,1356000,66,385215000,/nfs3_ib/nfs-ip34/home/def-ilafores/analysis/MethodsComparison/PD/preproc/SRR19064633/SRR19064633_unmatched_2.fastq,SRR19064633,81d9c50c0a575836c40b0a98b987e901,545746000,31,DNA,1000,545746,true,0.8240933763115721,0.9809955247608131,0.9025444505361926,0.9809955247608131,3138,2059887,4067213
1358000,0.0024883370652281464,0.6231481481481481,0.002466348814283568,0.02211219328813121,66.81649331352155,65.0,26.64258611945488,signatures/4a1943cef878ce8b6d6625ec2358cbd9.sig.gz,"GCA_003525905.1 Clostridiales bacterium, ASM352590v1",4a1943cef878ce8b6d6625ec2358cbd9,0.6287037037037037,1346000,67,383869000,/nfs3_ib/nfs-ip34/home/def-ilafores/analysis/MethodsComparison/PD/preproc/SRR19064633/SRR19064633_unmatched_2.fastq,SRR19064633,81d9c50c0a575836c40b0a98b987e901,545746000,31,DNA,1000,545746,true,0.8241325572902882,0.9851406928166306,0.9046366250534594,0.9851406928166306,89935,2149822,4067213
1368000,0.002506660607681962,0.5345786963434023,0.0024645164600381863,0.0011241112771816966,3.3992565055762083,3.0,3.742312989370754,signatures/7e92625db35c88814695f42bca707f89.sig.gz,"GCA_900544765.1 uncultured Clostridiales bacterium, UMGS708",7e92625db35c88814695f42bca707f89,0.5437201907790143,1345000,68,382524000,/nfs3_ib/nfs-ip34/home/def-ilafores/analysis/MethodsComparison/PD/preproc/SRR19064633/SRR19064633_unmatched_2.fastq,SRR19064633,81d9c50c0a575836c40b0a98b987e901,545746000,31,DNA,1000,545746,true,0.8243276283589055,0.9805364093003524,0.9024320188296289,0.9805364093003524,4572,2154394,4067213
1339000,0.0024535223345658968,0.6084970306075834,0.002440695854848226,0.0009517573827581688,2.906156156156156,2.0,2.145823081322401,signatures/44c008ee71993311cc1f1265e65f3aae.sig.gz,"GCA_900546885.1 uncultured Ruminococcaceae bacterium, UMGS927",44c008ee71993311cc1f1265e65f3aae,0.6116948378254911,1332000,69,381192000,/nfs3_ib/nfs-ip34/home/def-ilafores/analysis/MethodsComparison/PD/preproc/SRR19064633/SRR19064633_unmatched_2.fastq,SRR19064633,81d9c50c0a575836c40b0a98b987e901,545746000,31,DNA,1000,545746,true,0.823758061862728,0.9842694969814959,0.9040137794221119,0.9842694969814959,3871,2158265,4067213
1458000,0.0026715724897663014,0.21706192358366272,0.0024150428954128845,0.0005691858282317646,1.7564491654021244,1.0,1.507900333527673,signatures/ef68cc6a6319ffa9e2f4ba12bd0ee899.sig.gz,"GCF_900461125.1 Blautia coccoides strain=NCTC11035, 49699_D02",ef68cc6a6319ffa9e2f4ba12bd0ee899,0.24011857707509882,1318000,70,379874000,/nfs3_ib/nfs-ip34/home/def-ilafores/analysis/MethodsComparison/PD/preproc/SRR19064633/SRR19064633_unmatched_2.fastq,SRR19064633,81d9c50c0a575836c40b0a98b987e901,545746000,31,DNA,1000,545746,true,0.826023651565446,0.9550227874047689,0.8905232194851074,0.9550227874047689,2315,2160580,4067213
1326000,0.0024297017293759366,0.5970081595648232,0.002413210541167503,0.0018368843726650165,5.672741078208048,5.0,3.5953179082780933,signatures/23046228a81e0db1a133ced8759c53be.sig.gz,"GCA_003507655.1 Lachnospiraceae bacterium, ASM350765v1",23046228a81e0db1a133ced8759c53be,0.6010879419764279,1317000,71,378557000,/nfs3_ib/nfs-ip34/home/def-ilafores/analysis/MethodsComparison/PD/preproc/SRR19064633/SRR19064633_unmatched_2.fastq,SRR19064633,81d9c50c0a575836c40b0a98b987e901,545746000,31,DNA,1000,545746,true,0.8234988533705937,0.9837142628426363,0.903606558106615,0.9837142628426363,7471,2168051,4067213
1319000,0.002416875249658266,0.4114518147684606,0.0024095458326767395,0.000703184219759329,2.1749049429657794,2.0,2.0323939064473104,signatures/f78b300954e755242df91ac808a59a00.sig.gz,"GCF_004343035.1 Longibaculum muris strain=DSM 29487, ASM434303v1",f78b300954e755242df91ac808a59a00,0.41270337922403005,1315000,72,377242000,/nfs3_ib/nfs-ip34/home/def-ilafores/analysis/MethodsComparison/PD/preproc/SRR19064633/SRR19064633_unmatched_2.fastq,SRR19064633,81d9c50c0a575836c40b0a98b987e901,545746000,31,DNA,1000,545746,true,0.8233582591066337,0.9718544478162272,0.8976063534614305,0.9718544478162272,2860,2170911,4067213
1280000,0.0023454134340883856,0.5931164545025931,0.0023051016406899914,0.005151439081257854,16.655007949125597,16.0,7.738485648695873,signatures/617d4784e46c2aa27543a92d2056d506.sig.gz,"GCA_004556965.1 Clostridiales bacterium, ASM455696v1",617d4784e46c2aa27543a92d2056d506,0.6034889203206035,1258000,73,375984000,/nfs3_ib/nfs-ip34/home/def-ilafores/analysis/MethodsComparison/PD/preproc/SRR19064633/SRR19064633_unmatched_2.fastq,SRR19064633,81d9c50c0a575836c40b0a98b987e901,545746000,31,DNA,1000,545746,true,0.8225614801533366,0.9838407712812033,0.90320112571727,0.9838407712812033,20952,2191863,4067213
1268000,0.002323425183143807,0.5022774327122154,0.0022226456996478215,0.006191709163006707,20.760923330585324,19.0,13.192614154608394,signatures/0c27e38f5990e49c33434011e5c9e03c.sig.gz,"GCF_002834235.1 Ruminococcus bromii strain=5AMG, ASM283423v1",0c27e38f5990e49c33434011e5c9e03c,0.5250517598343686,1213000,74,374771000,/nfs3_ib/nfs-ip34/home/def-ilafores/analysis/MethodsComparison/PD/preproc/SRR19064633/SRR19064633_unmatched_2.fastq,SRR19064633,81d9c50c0a575836c40b0a98b987e901,545746000,31,DNA,1000,545746,true,0.822311586212734,0.9794319384401404,0.9008717623264373,0.9794319384401404,25183,2217046,4067213
1342000,0.0024590193973020417,0.47794994040524436,0.002204322157194006,0.00658411546186541,22.260182876142977,18.0,18.735272692419628,signatures/be471ee2a9a4d83e479673ce2822bf12.sig.gz,"GCF_018408575.1 Oscillibacter sp. MM50 strain=MM50, ASM1840857v1",be471ee2a9a4d83e479673ce2822bf12,0.5331744139849026,1203000,75,373568000,/nfs3_ib/nfs-ip34/home/def-ilafores/analysis/MethodsComparison/PD/preproc/SRR19064633/SRR19064633_unmatched_2.fastq,SRR19064633,81d9c50c0a575836c40b0a98b987e901,545746000,31,DNA,1000,545746,true,0.8238175332786207,0.9799170907413329,0.9018673120099768,0.9799170907413329,26779,2243825,4067213
1192000,0.002184166260494809,0.44902634593356244,0.002154848592568704,0.0005996735356618893,2.0739795918367347,2.0,1.8668618798655323,signatures/2095acfea3dc7099107aa4baae0a3767.sig.gz,"GCA_900113995.1 Ruminococcaceae bacterium D5 strain=D5, IMG-taxon 2593339255 annotated assembly",2095acfea3dc7099107aa4baae0a3767,0.4551355479190531,1176000,76,372392000,/nfs3_ib/nfs-ip34/home/def-ilafores/analysis/MethodsComparison/PD/preproc/SRR19064633/SRR19064633_unmatched_2.fastq,SRR19064633,81d9c50c0a575836c40b0a98b987e901,545746000,31,DNA,1000,545746,true,0.8206736818263838,0.9749274139718801,0.897800547899132,0.9749274139718801,2439,2246264,4067213
1245000,0.0022812810355000313,0.3211314475873544,0.002121866216151836,0.0005881177110714388,2.065630397236615,1.0,1.8155469659784609,signatures/851f79ec11a0fc091dcc737b6dbe5cc2.sig.gz,"GCF_014467075.1 Anaerostipes caccae strain=JCM 13470, ASM1446707v1",851f79ec11a0fc091dcc737b6dbe5cc2,0.3452579034941764,1158000,77,371234000,/nfs3_ib/nfs-ip34/home/def-ilafores/analysis/MethodsComparison/PD/preproc/SRR19064633/SRR19064633_unmatched_2.fastq,SRR19064633,81d9c50c0a575836c40b0a98b987e901,545746000,31,DNA,1000,545746,true,0.8218261591690996,0.9662764773779209,0.8940513182735103,0.9662764773779209,2392,2248656,4067213
1174000,0.002151183884077941,0.600103734439834,0.0021200338619064545,0.0022961669329833474,8.071737251512532,7.0,5.451526457401765,signatures/5c11b03e3829818235041e1a9caf57a3.sig.gz,"GCF_000469305.1 Faecalitalea cylindroides ATCC 27803 strain=ATCC 27803, ASM46930v1",5c11b03e3829818235041e1a9caf57a3,0.6089211618257261,1157000,78,370077000,/nfs3_ib/nfs-ip34/home/def-ilafores/analysis/MethodsComparison/PD/preproc/SRR19064633/SRR19064633_unmatched_2.fastq,SRR19064633,81d9c50c0a575836c40b0a98b987e901,545746000,31,DNA,1000,545746,true,0.8202709663007481,0.9841252097462735,0.9021980880235108,0.9841252097462735,9339,2257995,4067213
1247000,0.0022849457439907944,0.24707158351409977,0.002087051485489587,0.0004669044871758622,1.6672519754170325,1.0,1.6753358523993183,signatures/73636d352ef5bf1c92887ac5c9e713c2.sig.gz,"GCF_012317185.1 [Clostridium] innocuum strain=ATCC 14501, ASM1231718v1",73636d352ef5bf1c92887ac5c9e713c2,0.2704989154013015,1139000,79,368938000,/nfs3_ib/nfs-ip34/home/def-ilafores/analysis/MethodsComparison/PD/preproc/SRR19064633/SRR19064633_unmatched_2.fastq,SRR19064633,81d9c50c0a575836c40b0a98b987e901,545746000,31,DNA,1000,545746,true,0.8218687132835562,0.9587000697551418,0.890284391519349,0.9587000697551418,1899,2259894,4067213
1161000,0.002127363278887981,0.49928263988522237,0.0019129778321783394,0.0007523579414208206,2.9310344827586206,2.0,2.2690307319233187,signatures/3e79fc50e01cc47a7ea4fcaf03e7031a.sig.gz,"GCF_000010425.1 Bifidobacterium adolescentis ATCC 15703 strain=ATCC 15703, ASM1042v1",3e79fc50e01cc47a7ea4fcaf03e7031a,0.5552367288378766,1044000,80,367894000,/nfs3_ib/nfs-ip34/home/def-ilafores/analysis/MethodsComparison/PD/preproc/SRR19064633/SRR19064633_unmatched_2.fastq,SRR19064633,81d9c50c0a575836c40b0a98b987e901,545746000,31,DNA,1000,545746,true,0.8199763826767003,0.9811995963407696,0.900587989508735,0.9811995963407696,3060,2262954,4067213
1075000,0.0019697808137851673,0.4869036482694107,0.0019074807694421947,0.0006958081615101053,2.718539865513929,2.0,7.749099428980522,signatures/c1c75dd5635a425a46a9b81296140282.sig.gz,"GCA_900548545.1 uncultured Ruminococcaceae bacterium, UMGS1101",c1c75dd5635a425a46a9b81296140282,0.5028063610851263,1041000,81,366853000,/nfs3_ib/nfs-ip34/home/def-ilafores/analysis/MethodsComparison/PD/preproc/SRR19064633/SRR19064633_unmatched_2.fastq,SRR19064633,81d9c50c0a575836c40b0a98b987e901,545746000,31,DNA,1000,545746,true,0.8179432224611431,0.978065109404754,0.8980041659329485,0.978065109404754,2830,2265784,4067213
1093000,0.0020027631902020354,0.26649484536082474,0.0018946542897245238,0.00047428054542508595,1.8655705996131529,1.0,2.7815908910635625,signatures/d5aef74860ab7c1cca263aa607c62d70.sig.gz,"GCF_014337215.1 Wansuia hejianensis strain=NSJ-29, ASM1433721v1",d5aef74860ab7c1cca263aa607c62d70,0.28170103092783505,1034000,82,365819000,/nfs3_ib/nfs-ip34/home/def-ilafores/analysis/MethodsComparison/PD/preproc/SRR19064633/SRR19064633_unmatched_2.fastq,SRR19064633,81d9c50c0a575836c40b0a98b987e901,545746000,31,DNA,1000,545746,true,0.8183814816085132,0.959955806509499,0.8891686440590061,0.959955806509499,1929,2267713,4067213
1091000,0.0019990984817112724,0.30361374407582936,0.00187816310151609,0.0006844982055279622,2.71609756097561,1.0,7.83913785641925,signatures/92e82d59cfe55e7f9ef9a4e265ac91b8.sig.gz,"GCF_014333425.1 Mogibacterium sp. BX12 strain=BX12, ASM1433342v1",92e82d59cfe55e7f9ef9a4e265ac91b8,0.32316350710900477,1025000,83,364794000,/nfs3_ib/nfs-ip34/home/def-ilafores/analysis/MethodsComparison/PD/preproc/SRR19064633/SRR19064633_unmatched_2.fastq,SRR19064633,81d9c50c0a575836c40b0a98b987e901,545746000,31,DNA,1000,545746,true,0.8183331324689906,0.9642172866263696,0.8912752095476801,0.9642172866263696,2784,2270497,4067213
1066000,0.0019532896255767336,0.32768924302788843,0.001808533640191591,0.0004541193195438744,1.8713272543059778,1.0,2.151001407016199,signatures/b714e0367f031e0d0ef62b006b3a9541.sig.gz,"GCA_001305115.1 Clostridia bacterium UC5.1-1E11 strain=UC5.1-1E11, ASM130511v1",b714e0367f031e0d0ef62b006b3a9541,0.35391766268260294,987000,84,363807000,/nfs3_ib/nfs-ip34/home/def-ilafores/analysis/MethodsComparison/PD/preproc/SRR19064633/SRR19064633_unmatched_2.fastq,SRR19064633,81d9c50c0a575836c40b0a98b987e901,545746000,31,DNA,1000,545746,true,0.8177214227530294,0.9670489534367627,0.8923851880948961,0.9670489534367627,1847,2272344,4067213
1060000,0.001942295500104444,0.36601796407185627,0.001792042451983157,0.000564022587457308,2.34560327198364,2.0,3.8362689160680734,signatures/442cfaa3e6697d373ee39fff33f0ca83.sig.gz,"GCA_018380115.1 Oscillospiraceae bacterium, ASM1838011v1",442cfaa3e6697d373ee39fff33f0ca83,0.3967065868263473,978000,85,362829000,/nfs3_ib/nfs-ip34/home/def-ilafores/analysis/MethodsComparison/PD/preproc/SRR19064633/SRR19064633_unmatched_2.fastq,SRR19064633,81d9c50c0a575836c40b0a98b987e901,545746000,31,DNA,1000,545746,true,0.8175725472357381,0.9706158977689177,0.8940942225023278,0.9706158977689177,2294,2274638,4067213
1011000,0.0018525101420807481,0.4357142857142857,0.0017883777434923938,0.0005416485441013294,2.257172131147541,2.0,1.6866307096394102,signatures/4a2b47d34bd15d9d4bd0eea00bcee953.sig.gz,"GCF_000196555.1 Bifidobacterium longum subsp. longum JCM 1217 strain=JCM 1217, ASM19655v1",4a2b47d34bd15d9d4bd0eea00bcee953,0.4513392857142857,976000,86,361853000,/nfs3_ib/nfs-ip34/home/def-ilafores/analysis/MethodsComparison/PD/preproc/SRR19064633/SRR19064633_unmatched_2.fastq,SRR19064633,81d9c50c0a575836c40b0a98b987e901,545746000,31,DNA,1000,545746,true,0.816325278154899,0.9746640326923313,0.8954946554236152,0.9746640326923313,2203,2276841,4067213
996000,0.001825024828400025,0.4239082487869431,0.0017608924298116706,0.011388142199584826,48.19771071800208,46.0,27.836531050765824,signatures/92f3976e448ff2236a63fb5031df2df0.sig.gz,"GCF_005845035.1 Collinsella aerofaciens strain=BSD2780061688st1_F5, ASM584503v1",92f3976e448ff2236a63fb5031df2df0,0.43934715483017206,961000,87,360892000,/nfs3_ib/nfs-ip34/home/def-ilafores/analysis/MethodsComparison/PD/preproc/SRR19064633/SRR19064633_unmatched_2.fastq,SRR19064633,81d9c50c0a575836c40b0a98b987e901,545746000,31,DNA,1000,545746,true,0.8159317472743054,0.9738177170171219,0.8948747321457137,0.9738177170171219,46318,2323159,4067213
959000,0.0017572277213209076,0.538504777965149,0.0017553953670755259,0.0007607174741032742,3.22964509394572,3.0,2.2517629556612873,signatures/47cadd337e10f15764f908c2ed756177.sig.gz,"GCA_000432435.1 Eubacterium sp. CAG:180, MGS180",47cadd337e10f15764f908c2ed756177,0.5390668915120854,958000,88,359934000,/nfs3_ib/nfs-ip34/home/def-ilafores/analysis/MethodsComparison/PD/preproc/SRR19064633/SRR19064633_unmatched_2.fastq,SRR19064633,81d9c50c0a575836c40b0a98b987e901,545746000,31,DNA,1000,545746,true,0.8149359663314764,0.9802645824123886,0.8976002743719325,0.9802645824123886,3094,2326253,4067213
1134000,0.002077889714262679,0.27138391588519467,0.0017498983043393813,0.0005674647479736124,2.4167539267015705,1.0,3.6536049668216815,signatures/7eaae742c69417c8e76f081fe338897d.sig.gz,"GCA_025146135.1 Anaerotruncus colihominis strain=DSM 17241, ASM2514613v1",7eaae742c69417c8e76f081fe338897d,0.32225063938618925,955000,89,358979000,/nfs3_ib/nfs-ip34/home/def-ilafores/analysis/MethodsComparison/PD/preproc/SRR19064633/SRR19064633_unmatched_2.fastq,SRR19064633,81d9c50c0a575836c40b0a98b987e901,545746000,31,DNA,1000,545746,true,0.81935421715119,0.9641293047821198,0.8917417609666549,0.9641293047821198,2308,2328561,4067213
937000,0.0017169159279225134,0.5339805825242718,0.0017132512194317504,0.00045436518815218185,1.9764705882352942,2.0,1.2049285389160242,signatures/3178484e015a2f636011eded4ff678e1.sig.gz,"GCA_003150405.1 Clostridiales bacterium, ASM315040v1",3178484e015a2f636011eded4ff678e1,0.5351227869788692,935000,90,358044000,/nfs3_ib/nfs-ip34/home/def-ilafores/analysis/MethodsComparison/PD/preproc/SRR19064633/SRR19064633_unmatched_2.fastq,SRR19064633,81d9c50c0a575836c40b0a98b987e901,545746000,31,DNA,1000,545746,true,0.8143261022268714,0.9800323998665356,0.8971792510467035,0.9800323998665356,1848,2330409,4067213
1029000,0.001885492518497616,0.2374616171954964,0.0017004247397140793,0.0005374687777601026,2.355603448275862,1.0,4.541078177609424,signatures/7e6d64aeed16ed31733900b0e7434256.sig.gz,"GCA_003112755.1 Lawsonibacter asaccharolyticus strain=3BBH22, ASM311275v1",7e6d64aeed16ed31733900b0e7434256,0.2633060388945752,928000,91,357116000,/nfs3_ib/nfs-ip34/home/def-ilafores/analysis/MethodsComparison/PD/preproc/SRR19064633/SRR19064633_unmatched_2.fastq,SRR19064633,81d9c50c0a575836c40b0a98b987e901,545746000,31,DNA,1000,545746,true,0.8167901238119376,0.9578669478001028,0.8873285358060202,0.9578669478001028,2186,2332595,4067213
922000,0.00168943061424179,0.5074958356468628,0.0016747717802787377,0.00041551794803960354,1.8490153172866521,1.0,1.1986334824074925,signatures/49d10c9c4ccb07401d3c27c75265f55e.sig.gz,"GCA_900753685.1 Lachnospiraceae bacterium, ERS396381_5",49d10c9c4ccb07401d3c27c75265f55e,0.5119378123264853,914000,92,356202000,/nfs3_ib/nfs-ip34/home/def-ilafores/analysis/MethodsComparison/PD/preproc/SRR19064633/SRR19064633_unmatched_2.fastq,SRR19064633,81d9c50c0a575836c40b0a98b987e901,545746000,31,DNA,1000,545746,true,0.8139022886022715,0.978633120877236,0.8962677047397538,0.978633120877236,1690,2334285,4067213
914000,0.0016747717802787377,0.4103837471783296,0.00166561000905183,0.000511898442496127,2.2904290429042904,2.0,1.6199141391204686,signatures/77eb8a418f742032fd120a0cca265006.sig.gz,"GCA_018712885.1 Candidatus Pullichristensenella stercoripullorum, ASM1871288v1",77eb8a418f742032fd120a0cca265006,0.4126410835214447,909000,93,355293000,/nfs3_ib/nfs-ip34/home/def-ilafores/analysis/MethodsComparison/PD/preproc/SRR19064633/SRR19064633_unmatched_2.fastq,SRR19064633,81d9c50c0a575836c40b0a98b987e901,545746000,31,DNA,1000,545746,true,0.8136735183307494,0.9718497153086479,0.8927616168196987,0.9718497153086479,2082,2336367,4067213
892000,0.0016344599868803435,0.373741610738255,0.001632627632634962,0.0007838291232841752,3.5780022446689115,3.0,3.996537340192751,signatures/064f37e0e8408f176a29afe33224f971.sig.gz,"GCF_009738225.1 Streptococcus salivarius strain=ICDC2, ASM973822v1",064f37e0e8408f176a29afe33224f971,0.37416107382550334,891000,94,354402000,/nfs3_ib/nfs-ip34/home/def-ilafores/analysis/MethodsComparison/PD/preproc/SRR19064633/SRR19064633_unmatched_2.fastq,SRR19064633,81d9c50c0a575836c40b0a98b987e901,545746000,31,DNA,1000,545746,true,0.8130342631651343,0.9687856491604993,0.8909099561628168,0.9687856491604993,3188,2339555,4067213
884000,0.0016198011529172912,0.22454780361757107,0.001592315839236568,0.00032897219791537844,1.5397008055235903,1.0,0.9338786080408491,signatures/140680959c6032d8f523eaac8c4fbc4d.sig.gz,"GCF_008281175.1 [Clostridium] hylemonae DSM 15053 strain=DSM 15053, ASM828117v1",140680959c6032d8f523eaac8c4fbc4d,0.2284237726098191,869000,95,353533000,/nfs3_ib/nfs-ip34/home/def-ilafores/analysis/MethodsComparison/PD/preproc/SRR19064633/SRR19064633_unmatched_2.fastq,SRR19064633,81d9c50c0a575836c40b0a98b987e901,545746000,31,DNA,1000,545746,true,0.8127980174130828,0.9534858129115433,0.883141915162313,0.9534858129115433,1338,2340893,4067213
1076000,0.001971613168030549,0.31683168316831684,0.0015245187321574504,0.00038576784643440116,1.8858173076923077,1.0,1.5473894906759218,signatures/732defe54d76d873eda483961b5e8670.sig.gz,"GCF_000455225.1 Megasphaera massiliensis strain=NP3, Megasphaera_massiliensis",732defe54d76d873eda483961b5e8670,0.4097486671744098,832000,96,352701000,/nfs3_ib/nfs-ip34/home/def-ilafores/analysis/MethodsComparison/PD/preproc/SRR19064633/SRR19064633_unmatched_2.fastq,SRR19064633,81d9c50c0a575836c40b0a98b987e901,545746000,31,DNA,1000,545746,true,0.8179677558529047,0.9716292181229927,0.8947984869879487,0.9716292181229927,1569,2342462,4067213
813000,0.001489704001495201,0.238867590681215,0.0014842069387590565,0.0007567835763703548,3.8,3.0,2.608533006201846,signatures/b853b78a6dace3cc255e287925a0a4a0.sig.gz,"GCF_000420465.1 Desulfovibrio desulfuricans DSM 642 strain=DSM 642, ASM42046v1",b853b78a6dace3cc255e287925a0a4a0,0.23975228546151578,810000,97,351891000,/nfs3_ib/nfs-ip34/home/def-ilafores/analysis/MethodsComparison/PD/preproc/SRR19064633/SRR19064633_unmatched_2.fastq,SRR19064633,81d9c50c0a575836c40b0a98b987e901,545746000,31,DNA,1000,545746,true,0.8106057441137235,0.9549757575084208,0.8827907508110722,0.9549757575084208,3078,2345540,4067213
828000,0.0015171893151759244,0.33895446880269814,0.0014732128132867671,0.0003919145616420876,1.9825870646766168,1.5,2.942601021168676,signatures/e5086215bc885a8e94566ecb16a755cb.sig.gz,"GCA_900543475.1 uncultured Clostridiales bacterium, UMGS576",e5086215bc885a8e94566ecb16a755cb,0.3490725126475548,804000,98,351087000,/nfs3_ib/nfs-ip34/home/def-ilafores/analysis/MethodsComparison/PD/preproc/SRR19064633/SRR19064633_unmatched_2.fastq,SRR19064633,81d9c50c0a575836c40b0a98b987e901,545746000,31,DNA,1000,545746,true,0.8110839344775485,0.966619036001665,0.8888514852396068,0.966619036001665,1594,2347134,4067213
998000,0.001828689536890788,0.12006245120999219,0.0014090804146984128,0.00040199517458269334,2.126137841352406,1.0,3.314225285791384,signatures/77a5975adbf3dbbc2be7beba4b4c4989.sig.gz,"GCF_000233455.1 [Clostridium] citroniae WAL-17108 strain=WAL-17108, Clos_citr_WAL_17108_V1",77a5975adbf3dbbc2be7beba4b4c4989,0.15581576893052304,769000,99,350318000,/nfs3_ib/nfs-ip34/home/def-ilafores/analysis/MethodsComparison/PD/preproc/SRR19064633/SRR19064633_unmatched_2.fastq,SRR19064633,81d9c50c0a575836c40b0a98b987e901,545746000,31,DNA,1000,545746,true,0.8159845481557275,0.9417924546425729,0.8788885013991502,0.9417924546425729,1635,2348769,4067213
1520000,0.0027851784529799575,0.1710347943967465,0.0013870921637538342,0.001212378107564074,6.513870541611625,4.0,9.907705150362352,signatures/ae30325ad1f80739f2df51f6086d0d7b.sig.gz,"GCA_900754605.1 uncultured Oscillospiraceae bacterium, ERS396504_64",ae30325ad1f80739f2df51f6086d0d7b,0.34342521464075915,757000,100,349561000,/nfs3_ib/nfs-ip34/home/def-ilafores/analysis/MethodsComparison/PD/preproc/SRR19064633/SRR19064633_unmatched_2.fastq,SRR19064633,81d9c50c0a575836c40b0a98b987e901,545746000,31,DNA,1000,545746,true,0.8271340588017321,0.9661105940441727,0.8966223264229524,0.9661105940441727,4931,2353700,4067213
1208000,0.002213483928420914,0.10544644100849701,0.0013870921637538342,0.0012991697262966066,6.980184940554822,6.0,5.351909593164482,signatures/987057f8f58832de97baec421bf869c2.sig.gz,"GCA_900557355.1 uncultured Bacteroides sp., UMGS2042",987057f8f58832de97baec421bf869c2,0.1682685610809305,757000,101,348804000,/nfs3_ib/nfs-ip34/home/def-ilafores/analysis/MethodsComparison/PD/preproc/SRR19064633/SRR19064633_unmatched_2.fastq,SRR19064633,81d9c50c0a575836c40b0a98b987e901,545746000,31,DNA,1000,545746,true,0.8210267409058588,0.9441312098875653,0.882578975396712,0.9441312098875653,5284,2358984,4067213
756000,0.0013852598095084527,0.34429223744292237,0.0013815951010176894,0.0003284804606987635,1.7718832891246685,1.0,1.1181905178116693,signatures/6a7525fbf195355fe28c1efaf3ebf95e.sig.gz,"GCA_900761905.1 Firmicutes bacterium, SRS104400_78",6a7525fbf195355fe28c1efaf3ebf95e,0.3452054794520548,754000,102,348050000,/nfs3_ib/nfs-ip34/home/def-ilafores/analysis/MethodsComparison/PD/preproc/SRR19064633/SRR19064633_unmatched_2.fastq,SRR19064633,81d9c50c0a575836c40b0a98b987e901,545746000,31,DNA,1000,545746,true,0.8087072380656174,0.9662717441382209,0.8874894911019191,0.9662717441382209,1336,2360320,4067213
746000,0.001366936267054637,0.2719911667280088,0.0013541097873369663,0.00035036276683812724,1.9282814614343708,2.0,1.4384996870828695,signatures/bf9242457ea7aa720627fd79508ac181.sig.gz,"GCA_018716805.1 Candidatus Faecivicinus avistercoris, ASM1871680v1",bf9242457ea7aa720627fd79508ac181,0.27456753772543246,739000,103,347311000,/nfs3_ib/nfs-ip34/home/def-ilafores/analysis/MethodsComparison/PD/preproc/SRR19064633/SRR19064633_unmatched_2.fastq,SRR19064633,81d9c50c0a575836c40b0a98b987e901,545746000,31,DNA,1000,545746,true,0.8083599396148965,0.959161877944912,0.8837609087799043,0.959161877944912,1425,2361745,4067213
750000,0.0013742656840361634,0.33225954901058447,0.0013229597651654799,0.0007766989336432589,4.375346260387811,4.0,3.019622154325936,signatures/a719d9a18057aa7bd27c9f5f23ee7ce4.sig.gz,"GCA_900556555.1 uncultured Blautia sp., UMGS1944",a719d9a18057aa7bd27c9f5f23ee7ce4,0.3451449608835711,722000,104,346589000,/nfs3_ib/nfs-ip34/home/def-ilafores/analysis/MethodsComparison/PD/preproc/SRR19064633/SRR19064633_unmatched_2.fastq,SRR19064633,81d9c50c0a575836c40b0a98b987e901,545746000,31,DNA,1000,545746,true,0.808499396505116,0.9662662791982577,0.8873828378516868,0.9662662791982577,3159,2364904,4067213
719000,0.0013174627024293353,0.5106534090909091,0.0013174627024293353,0.0007737485103435694,4.3769123783031985,3.0,4.5069652084409455,signatures/0d810bce620c317d2fb79fb2c5f5cf74.sig.gz,"GCA_000438355.1 Clostridium sp. CAG:273, MGS273",0d810bce620c317d2fb79fb2c5f5cf74,0.5106534090909091,719000,105,345870000,/nfs3_ib/nfs-ip34/home/def-ilafores/analysis/MethodsComparison/PD/preproc/SRR19064633/SRR19064633_unmatched_2.fastq,SRR19064633,81d9c50c0a575836c40b0a98b987e901,545746000,31,DNA,1000,545746,true,0.8073992342768189,0.9785538214273162,0.8929765278520676,0.9785538214273162,3147,2368051,4067213
723000,0.0013247921194108614,0.26619508562918837,0.001310133285447809,0.00028397824259511365,1.6153846153846154,1.0,0.9874957868234591,signatures/2275ada3d8a6fc1121bede0e05013147.sig.gz,"GCA_018711685.1 Candidatus Excrementavichristensenella intestinipullorum, ASM1871168v1",2275ada3d8a6fc1121bede0e05013147,0.2691734921816828,715000,106,345155000,/nfs3_ib/nfs-ip34/home/def-ilafores/analysis/MethodsComparison/PD/preproc/SRR19064633/SRR19064633_unmatched_2.fastq,SRR19064633,81d9c50c0a575836c40b0a98b987e901,545746000,31,DNA,1000,545746,true,0.807543742094297,0.9585481753113376,0.8830459587028173,0.9585481753113376,1155,2369206,4067213
717000,0.001313797993938572,0.37969924812030076,0.0012954744514847567,0.0003267593804406113,1.8797736916548797,1.0,1.2934284800809024,signatures/fed98fe06f36d89d113198957fefae2c.sig.gz,"GCA_900542375.1 uncultured Ruminococcaceae bacterium, UMGS454",fed98fe06f36d89d113198957fefae2c,0.38506981740064444,707000,107,344448000,/nfs3_ib/nfs-ip34/home/def-ilafores/analysis/MethodsComparison/PD/preproc/SRR19064633/SRR19064633_unmatched_2.fastq,SRR19064633,81d9c50c0a575836c40b0a98b987e901,545746000,31,DNA,1000,545746,true,0.8073266883622884,0.9696841698262416,0.888505429094265,0.9696841698262416,1329,2370535,4067213
960000,0.0017590600755662891,0.19931467732724156,0.0012789832632763226,0.00040199517458269334,2.342406876790831,1.0,5.467167534885738,signatures/2c4be6d3f461c9f71df87a5d7ae22e2f.sig.gz,"GCF_000225345.1 Roseburia hominis A2-183 strain=A2-183, ASM22534v1",2c4be6d3f461c9f71df87a5d7ae22e2f,0.2741290691033695,698000,108,343750000,/nfs3_ib/nfs-ip34/home/def-ilafores/analysis/MethodsComparison/PD/preproc/SRR19064633/SRR19064633_unmatched_2.fastq,SRR19064633,81d9c50c0a575836c40b0a98b987e901,545746000,31,DNA,1000,545746,true,0.8149633646652586,0.9591124291908206,0.8870378969280397,0.9591124291908206,1635,2372170,4067213
704000,0.001289977388748612,0.27531645569620256,0.0012753185547855596,0.00045903669171002353,2.682471264367816,2.0,1.9248922008274771,signatures/7753e1f4d4d78ec05adbbb608b0c4eec.sig.gz,"GCF_000466265.1 Actinomyces sp. oral taxon 172 str. F0311 strain=F0311, ASM46626v1",7753e1f4d4d78ec05adbbb608b0c4eec,0.27848101265822783,696000,109,343054000,/nfs3_ib/nfs-ip34/home/def-ilafores/analysis/MethodsComparison/PD/preproc/SRR19064633/SRR19064633_unmatched_2.fastq,SRR19064633,81d9c50c0a575836c40b0a98b987e901,545746000,31,DNA,1000,545746,true,0.8068503113029358,0.959599869661745,0.8832250904823404,0.959599869661745,1867,2374037,4067213
696000,0.0012753185547855596,0.33141486810551557,0.0012661567835586518,0.0005037847784219808,2.9652677279305353,2.0,2.1143731218071364,signatures/3c84f24f670b4c04191503a0f1f39f8b.sig.gz,"GCA_000435715.1 Firmicutes bacterium CAG:145, MGS145",3c84f24f670b4c04191503a0f1f39f8b,0.3338129496402878,691000,110,342363000,/nfs3_ib/nfs-ip34/home/def-ilafores/analysis/MethodsComparison/PD/preproc/SRR19064633/SRR19064633_unmatched_2.fastq,SRR19064633,81d9c50c0a575836c40b0a98b987e901,545746000,31,DNA,1000,545746,true,0.8065529065544053,0.9652262733590912,0.8858895899567483,0.9652262733590912,2049,2376086,4067213
972000,0.0017810483265108677,0.20100502512562815,0.0012460008868594547,0.0003668359635947269,2.1941176470588237,1.0,3.7889887814770784,signatures/ba9c097781d61e9512f594f3c5dee5f9.sig.gz,"GCA_003573975.1 Clostridiales bacterium CCNA10 strain=CCNA10, ASM357397v1",ba9c097781d61e9512f594f3c5dee5f9,0.28731894767957433,680000,111,341683000,/nfs3_ib/nfs-ip34/home/def-ilafores/analysis/MethodsComparison/PD/preproc/SRR19064633/SRR19064633_unmatched_2.fastq,SRR19064633,81d9c50c0a575836c40b0a98b987e901,545746000,31,DNA,1000,545746,true,0.8152900074853756,0.960567480149354,0.8879287438173649,0.960567480149354,1492,2377578,4067213
875000,0.0016033099647088573,0.15962998102466794,0.001233174407141784,0.0005836920761219046,3.527488855869242,1.0,10.467933165106324,signatures/e869cf0b15c41500b90acfad5f73aa6d.sig.gz,"GCF_900537995.1 Roseburia intestinalis L1-82 strain=L1-82, Roseburia intestinalis strain L1-82",e869cf0b15c41500b90acfad5f73aa6d,0.2075426944971537,673000,112,341010000,/nfs3_ib/nfs-ip34/home/def-ilafores/analysis/MethodsComparison/PD/preproc/SRR19064633/SRR19064633_unmatched_2.fastq,SRR19064633,81d9c50c0a575836c40b0a98b987e901,545746000,31,DNA,1000,545746,true,0.8125297550669927,0.9505417746202988,0.8815357648436457,0.9505417746202988,2374,2379952,4067213
761000,0.0013944215807353605,0.2306072306072306,0.001203856739215679,0.00034274083998059605,2.121765601217656,2.0,1.8531550914184722,signatures/cb1f49fc7f3ec8b223714e0e604a03df.sig.gz,"GCF_003479605.1 Roseburia sp. AF12-17LB strain=AF12-17LB, ASM347960v1",cb1f49fc7f3ec8b223714e0e604a03df,0.2671112671112671,657000,113,340353000,/nfs3_ib/nfs-ip34/home/def-ilafores/analysis/MethodsComparison/PD/preproc/SRR19064633/SRR19064633_unmatched_2.fastq,SRR19064633,81d9c50c0a575836c40b0a98b987e901,545746000,31,DNA,1000,545746,true,0.8088792235540709,0.9583103976104429,0.8835948105822569,0.9583103976104429,1394,2381346,4067213
649000,0.0011891979052526267,0.3685406019307212,0.0011891979052526267,0.00027856913321234957,1.7457627118644068,1.0,1.1233965443130332,signatures/7010a507f40684ad91a81f4129624a63.sig.gz,"GCA_003150515.1 Selenomonadales bacterium, ASM315051v1",7010a507f40684ad91a81f4129624a63,0.3685406019307212,649000,114,339704000,/nfs3_ib/nfs-ip34/home/def-ilafores/analysis/MethodsComparison/PD/preproc/SRR19064633/SRR19064633_unmatched_2.fastq,SRR19064633,81d9c50c0a575836c40b0a98b987e901,545746000,31,DNA,1000,545746,true,0.8047358688330137,0.9683127629500524,0.886524315891533,0.9683127629500524,1133,2382479,4067213
673000,0.001233174407141784,0.17110164981373072,0.0011782037797803374,0.0002571785642896008,1.6267496111975117,1.0,1.5488017275028172,signatures/4a0a4ccf84ababa1f62e38415ad37d82.sig.gz,"GCA_900546265.1 uncultured Ruminococcaceae bacterium, UMGS856",4a0a4ccf84ababa1f62e38415ad37d82,0.17908461947844598,643000,115,339061000,/nfs3_ib/nfs-ip34/home/def-ilafores/analysis/MethodsComparison/PD/preproc/SRR19064633/SRR19064633_unmatched_2.fastq,SRR19064633,81d9c50c0a575836c40b0a98b987e901,545746000,31,DNA,1000,545746,true,0.8056790683104283,0.9460304298766272,0.8758547490935278,0.9460304298766272,1046,2383525,4067213
611000,0.0011195684439281278,0.29877750611246945,0.0011195684439281278,0.00025250706073175905,1.6808510638297873,1.0,1.0192628810559814,signatures/9a4682e459dbb62dd47ade978dc0156b.sig.gz,"GCA_018715585.1 Candidatus Aphodomonas merdavium, ASM1871558v1",9a4682e459dbb62dd47ade978dc0156b,0.29877750611246945,611000,116,338450000,/nfs3_ib/nfs-ip34/home/def-ilafores/analysis/MethodsComparison/PD/preproc/SRR19064633/SRR19064633_unmatched_2.fastq,SRR19064633,81d9c50c0a575836c40b0a98b987e901,545746000,31,DNA,1000,545746,true,0.8031711227724491,0.9617799930613768,0.882475557916913,0.9617799930613768,1027,2384552,4067213
1953000,0.0035785878412301696,0.12286478699320848,0.001093915484492786,0.0005669730107569975,3.862646566164154,2.0,3.9338621464976806,signatures/dcf743ecbf716c7db8255b85c5ef9ec0.sig.gz,"GCF_000424325.1 [Clostridium] clostridioforme AGR2157 strain=AGR2157, ASM42432v1",dcf743ecbf716c7db8255b85c5ef9ec0,0.4019345544350689,597000,117,337853000,/nfs3_ib/nfs-ip34/home/def-ilafores/analysis/MethodsComparison/PD/preproc/SRR19064633/SRR19064633_unmatched_2.fastq,SRR19064633,81d9c50c0a575836c40b0a98b987e901,545746000,31,DNA,1000,545746,true,0.8338491177926977,0.9710259081255445,0.9024375129591211,0.9710259081255445,2306,2386858,4067213
2063000,0.00378014680822214,0.16559620217816254,0.0010865860675112599,0.0009180733834200471,6.296795952782462,5.0,10.694891998545708,signatures/300d2de3c2c21f7c37b9a66b2c49f0e7.sig.gz,"GCA_900755095.1 uncultured Bacteroides sp., ERS473029_19",300d2de3c2c21f7c37b9a66b2c49f0e7,0.5760960625523597,593000,118,337260000,/nfs3_ib/nfs-ip34/home/def-ilafores/analysis/MethodsComparison/PD/preproc/SRR19064633/SRR19064633_unmatched_2.fastq,SRR19064633,81d9c50c0a575836c40b0a98b987e901,545746000,31,DNA,1000,545746,true,0.8353243054785958,0.9823675975705903,0.908845951524593,0.9823675975705903,3734,2390592,4067213
711000,0.0013028038684662828,0.17070254110612856,0.0010462742741128657,0.00026775091444682146,1.9071803852889668,1.0,2.5926207286098286,signatures/2761b9bfb8ee41b7d2e36ef75953884e.sig.gz,"GCF_001406815.1 Roseburia faecis strain=M72, M72",2761b9bfb8ee41b7d2e36ef75953884e,0.21255605381165918,571000,119,336689000,/nfs3_ib/nfs-ip34/home/def-ilafores/analysis/MethodsComparison/PD/preproc/SRR19064633/SRR19064633_unmatched_2.fastq,SRR19064633,81d9c50c0a575836c40b0a98b987e901,545746000,31,DNA,1000,545746,true,0.8071078697056393,0.9512739325615142,0.8791909011335768,0.9512739325615142,1089,2391681,4067213
548000,0.00100413012646909,0.3057110862262038,0.001000465417978327,0.0002493107688237621,1.8571428571428572,1.0,1.1537938240357526,signatures/4ec6099da62633ee99c5b92d7fa65541.sig.gz,"GCA_900546675.1 uncultured Porphyromonas sp., UMGS907",4ec6099da62633ee99c5b92d7fa65541,0.3068309070548712,546000,120,336143000,/nfs3_ib/nfs-ip34/home/def-ilafores/analysis/MethodsComparison/PD/preproc/SRR19064633/SRR19064633_unmatched_2.fastq,SRR19064633,81d9c50c0a575836c40b0a98b987e901,545746000,31,DNA,1000,545746,true,0.8003566325691965,0.9626055430710063,0.8814810878201014,0.9626055430710063,1014,2392695,4067213
549000,0.0010059624807144715,0.15710579417699624,0.0009986330637329454,0.00023308344067546991,1.7394495412844038,1.0,1.0912511419436721,signatures/4e2a86f3a58b6056d541a4749fa9b1ca.sig.gz,"GCF_000429225.1 Actinomyces dentalis DSM 19115 strain=DSM 19115, ASM42922v1",4e2a86f3a58b6056d541a4749fa9b1ca,0.15825886422600172,545000,121,335598000,/nfs3_ib/nfs-ip34/home/def-ilafores/analysis/MethodsComparison/PD/preproc/SRR19064633/SRR19064633_unmatched_2.fastq,SRR19064633,81d9c50c0a575836c40b0a98b987e901,545746000,31,DNA,1000,545746,true,0.800403704077403,0.9422652234307385,0.8713344637540708,0.9422652234307385,948,2393643,4067213
584000,0.0010700948793028258,0.10701932858596135,0.0009638183330706959,0.0003041394684763252,2.3517110266159698,1.0,5.932755862954598,signatures/b8560b59b39e05e1ef8e0c4f8bcfc92a.sig.gz,"GCF_009677585.1 Lactonifactor sp. BIOML-A5 strain=BIOML-A5, ASM967758v1",b8560b59b39e05e1ef8e0c4f8bcfc92a,0.11881993896236012,526000,122,335072000,/nfs3_ib/nfs-ip34/home/def-ilafores/analysis/MethodsComparison/PD/preproc/SRR19064633/SRR19064633_unmatched_2.fastq,SRR19064633,81d9c50c0a575836c40b0a98b987e901,545746000,31,DNA,1000,545746,true,0.8020010048908601,0.9335932867941596,0.8677971458425099,0.9335932867941596,1237,2394880,4067213
654000,0.0011983596764795345,0.09276471660287954,0.0009326683108992095,0.0003547884017876615,2.834970530451866,1.0,16.456057908715735,signatures/77b31f5d8318d06e49c4bd86899427d2.sig.gz,"GCF_001404335.1 Faecalicatena contorta strain=2789STDY5834876, 13470_2#95",77b31f5d8318d06e49c4bd86899427d2,0.11919081465281575,509000,123,334563000,/nfs3_ib/nfs-ip34/home/def-ilafores/analysis/MethodsComparison/PD/preproc/SRR19064633/SRR19064633_unmatched_2.fastq,SRR19064633,81d9c50c0a575836c40b0a98b987e901,545746000,31,DNA,1000,545746,true,0.8049351210403823,0.9336871466736171,0.8693111338569997,0.9336871466736171,1443,2396323,4067213
651000,0.0011928626137433897,0.07283987024476556,0.0009051829972184862,0.00018268037597244107,1.5040485829959513,1.0,1.0585031663180229,signatures/66f33a40a2f3109dbb0d8031941a2a01.sig.gz,"GCF_003201875.1 Hungatella effluvii strain=DSM 24995, ASM320187v1",66f33a40a2f3109dbb0d8031941a2a01,0.09598938366263639,494000,124,334069000,/nfs3_ib/nfs-ip34/home/def-ilafores/analysis/MethodsComparison/PD/preproc/SRR19064633/SRR19064633_unmatched_2.fastq,SRR19064633,81d9c50c0a575836c40b0a98b987e901,545746000,31,DNA,1000,545746,true,0.8048157473880888,0.9271894693163344,0.8660026083522117,0.9271894693163344,743,2397066,4067213
684000,0.001253330303840981,0.15776,0.0009033506429731047,0.00024463926526592045,2.0182555780933065,1.0,4.846703925847114,signatures/c242e679e3aa0b1db5329c67c9566b2c.sig.gz,"GCF_900291975.1 Intestinibacillus sp. Marseille-P4005 strain=Marseille-P4005, PRJEB24950",c242e679e3aa0b1db5329c67c9566b2c,0.21888,493000,125,333576000,/nfs3_ib/nfs-ip34/home/def-ilafores/analysis/MethodsComparison/PD/preproc/SRR19064633/SRR19064633_unmatched_2.fastq,SRR19064633,81d9c50c0a575836c40b0a98b987e901,545746000,31,DNA,1000,545746,true,0.8061005379567487,0.9521740146422702,0.8791372762995096,0.9521740146422702,995,2398061,4067213
557000,0.001020621314677524,0.07037408628350293,0.0008996859344823416,0.0001755501863315248,1.4541751527494908,1.0,0.9067734937205554,signatures/5d16abe9103fdd3b827e4c529528a60a.sig.gz,"GCA_900548905.1 uncultured Lachnospiraceae bacterium, UMGS1134",5d16abe9103fdd3b827e4c529528a60a,0.07983373942955425,491000,126,333085000,/nfs3_ib/nfs-ip34/home/def-ilafores/analysis/MethodsComparison/PD/preproc/SRR19064633/SRR19064633_unmatched_2.fastq,SRR19064633,81d9c50c0a575836c40b0a98b987e901,545746000,31,DNA,1000,545746,true,0.8007773163779333,0.9216937878653956,0.8612355521216644,0.9216937878653956,714,2398775,4067213
508000,0.000930835956653828,0.2515368852459016,0.0008996859344823416,0.00028520758563665093,2.3625254582484727,2.0,3.266652611462551,signatures/4dde64833ba83d15519510b4d3363320.sig.gz,"GCF_000260715.1 Bifidobacterium animalis subsp. animalis ATCC 25527 strain=ATCC 25527, ASM26071v1",4dde64833ba83d15519510b4d3363320,0.26024590163934425,491000,127,332594000,/nfs3_ib/nfs-ip34/home/def-ilafores/analysis/MethodsComparison/PD/preproc/SRR19064633/SRR19064633_unmatched_2.fastq,SRR19064633,81d9c50c0a575836c40b0a98b987e901,545746000,31,DNA,1000,545746,true,0.7984021808219618,0.9575058060614053,0.8779539934416836,0.9575058060614053,1160,2399935,4067213
507000,0.0009290036024084464,0.12379257752923234,0.0008923565175008154,0.0001780088724145994,1.486652977412731,1.0,1.4999406178206043,signatures/18b41cb01658413f5565c0807881daf6.sig.gz,"GCF_014384895.1 Bianquea renquensis strain=NSJ-32, ASM1438489v1",18b41cb01658413f5565c0807881daf6,0.12887646161667515,487000,128,332107000,/nfs3_ib/nfs-ip34/home/def-ilafores/analysis/MethodsComparison/PD/preproc/SRR19064633/SRR19064633_unmatched_2.fastq,SRR19064633,81d9c50c0a575836c40b0a98b987e901,545746000,31,DNA,1000,545746,true,0.7983514338290888,0.9360432648004323,0.8671973493147606,0.9360432648004323,724,2400659,4067213
493000,0.0009033506429731047,0.18689788053949905,0.0008886918090100522,0.00027438936687112283,2.3010309278350514,2.0,4.981625926876897,signatures/6a7da8cde172d00735369ddaf57f22c6.sig.gz,"GCA_025150425.1 [Eubacterium] siraeum strain=DSM 15702, ASM2515042v1",6a7da8cde172d00735369ddaf57f22c6,0.18998073217726397,485000,129,331622000,/nfs3_ib/nfs-ip34/home/def-ilafores/analysis/MethodsComparison/PD/preproc/SRR19064633/SRR19064633_unmatched_2.fastq,SRR19064633,81d9c50c0a575836c40b0a98b987e901,545746000,31,DNA,1000,545746,true,0.7976306206933705,0.947834617692639,0.8727326191930047,0.947834617692639,1116,2401775,4067213
594000,0.0010884184217566414,0.10724106324472961,0.000857541786838566,0.0001780088724145994,1.547008547008547,1.0,2.336977836904613,signatures/fb6f8adfbfd03885bd6ac10a03a97d62.sig.gz,"GCA_017161075.1 Erysipelotrichaceae bacterium 66202529 strain=66202529, ASM1716107v1",fb6f8adfbfd03885bd6ac10a03a97d62,0.13611365719523372,468000,130,331154000,/nfs3_ib/nfs-ip34/home/def-ilafores/analysis/MethodsComparison/PD/preproc/SRR19064633/SRR19064633_unmatched_2.fastq,SRR19064633,81d9c50c0a575836c40b0a98b987e901,545746000,31,DNA,1000,545746,true,0.8024403717450752,0.937694449427201,0.8700674105861381,0.937694449427201,724,2402499,4067213
445000,0.0008153976391947902,0.22399588053553038,0.0007970740967409748,0.00018095929571428887,1.6919540229885057,1.0,1.580573036693622,signatures/acafc930e899b7378e7c2c72ab8e14d4.sig.gz,"GCF_000296505.1 Schaalia turicensis ACS-279-V-Col4 strain=ACS-279-V-Col4, Acti_turi_ACS-279-V-COL4_V1",acafc930e899b7378e7c2c72ab8e14d4,0.22914521112255407,435000,131,330719000,/nfs3_ib/nfs-ip34/home/def-ilafores/analysis/MethodsComparison/PD/preproc/SRR19064633/SRR19064633_unmatched_2.fastq,SRR19064633,81d9c50c0a575836c40b0a98b987e901,545746000,31,DNA,1000,545746,true,0.7949993186418525,0.9535828075503935,0.8742910630961229,0.9535828075503935,736,2403235,4067213
918000,0.001682101197260264,0.06439930719571721,0.0007494328863610544,0.00018071342710598143,1.7970660146699267,1.0,4.2102902464043055,signatures/c61cf47008daac7b3c5b701169a58aac.sig.gz,"GCA_000155435.1 Clostridiales bacterium 1_7_47FAA strain=1_7_47FAA, ASM15543v1",c61cf47008daac7b3c5b701169a58aac,0.14454416627302788,409000,132,330310000,/nfs3_ib/nfs-ip34/home/def-ilafores/analysis/MethodsComparison/PD/preproc/SRR19064633/SRR19064633_unmatched_2.fastq,SRR19064633,81d9c50c0a575836c40b0a98b987e901,545746000,31,DNA,1000,545746,true,0.8137881446335005,0.9395139742513123,0.8766510594424064,0.9395139742513123,735,2403970,4067213
592000,0.0010847537132658784,0.12052117263843648,0.0007457681778702913,0.0005908222657628209,5.9041769041769046,2.0,9.25814110157464,signatures/2c977075fcc3718f63f81529c8d9da08.sig.gz,"GCF_900626145.1 Intestinimonas timonensis strain=GD4, PRJEB30006",2c977075fcc3718f63f81529c8d9da08,0.1753035238377258,407000,133,329903000,/nfs3_ib/nfs-ip34/home/def-ilafores/analysis/MethodsComparison/PD/preproc/SRR19064633/SRR19064633_unmatched_2.fastq,SRR19064633,81d9c50c0a575836c40b0a98b987e901,545746000,31,DNA,1000,545746,true,0.8023530739718421,0.9453794330104723,0.8738662534911572,0.9453794330104723,2403,2406373,4067213
2132000,0.003906579251153467,0.06599418704051975,0.0007072887387172787,0.0009414309012092556,9.919689119170984,7.0,16.650359840102784,signatures/9613cc43f66445d204862f98defb4271.sig.gz,"GCA_019412865.1 Bacteroides sp., ASM1941286v1",9613cc43f66445d204862f98defb4271,0.3645067532911609,386000,134,329517000,/nfs3_ib/nfs-ip34/home/def-ilafores/analysis/MethodsComparison/PD/preproc/SRR19064633/SRR19064633_unmatched_2.fastq,SRR19064633,81d9c50c0a575836c40b0a98b987e901,545746000,31,DNA,1000,545746,true,0.8362112780433871,0.9679690476867459,0.9020901628650665,0.9679690476867459,3829,2410202,4067213
414000,0.0007585946575879622,0.08764469643278998,0.0006798034250365554,0.00013719468343556141,1.5040431266846361,1.0,0.8760729814119569,signatures/360132f932a1a85a6cebdceebeae25cd.sig.gz,"GCF_022867805.1 Cuneatibacter sp. NSJ-177 strain=NSJ-177, ASM2286780v1",360132f932a1a85a6cebdceebeae25cd,0.09780297661233169,371000,135,329146000,/nfs3_ib/nfs-ip34/home/def-ilafores/analysis/MethodsComparison/PD/preproc/SRR19064633/SRR19064633_unmatched_2.fastq,SRR19064633,81d9c50c0a575836c40b0a98b987e901,545746000,31,DNA,1000,545746,true,0.793149681531434,0.9277494638082013,0.8604495726698176,0.9277494638082013,558,2410760,4067213
496000,0.0009088477057092493,0.15384615384615385,0.0006779710707911739,0.00022300282773486413,2.4513513513513514,2.0,4.91649851350623,signatures/cfba96eed0158d1875d572d8793e08e4.sig.gz,"GCA_001838165.1 Actinomyces sp. HMSC035G02 strain=HMSC035G02, ASM183816v1",cfba96eed0158d1875d572d8793e08e4,0.20623700623700625,370000,136,328776000,/nfs3_ib/nfs-ip34/home/def-ilafores/analysis/MethodsComparison/PD/preproc/SRR19064633/SRR19064633_unmatched_2.fastq,SRR19064633,81d9c50c0a575836c40b0a98b987e901,545746000,31,DNA,1000,545746,true,0.7977867336366412,0.9503482808162306,0.8740675072264359,0.9503482808162306,907,2411667,4067213
437000,0.0008007388052317378,0.07551816129694233,0.0006743063623004108,0.006215804286620838,68.69836956521739,38.0,79.62107131495833,signatures/a0b4e7d5cd51e8887dc8f1ea3a46b770.sig.gz,"GCF_003991565.1 Butyricimonas faecalis strain=H184, ASM399156v1",a0b4e7d5cd51e8887dc8f1ea3a46b770,0.08967781654011903,368000,137,328408000,/nfs3_ib/nfs-ip34/home/def-ilafores/analysis/MethodsComparison/PD/preproc/SRR19064633/SRR19064633_unmatched_2.fastq,SRR19064633,81d9c50c0a575836c40b0a98b987e901,545746000,31,DNA,1000,545746,true,0.7945342240357796,0.9251574405738298,0.8598458323048046,0.9251574405738298,25281,2436948,4067213
547000,0.0010022977722237085,0.10638297872340426,0.0006596475283373584,0.0003220878768827696,3.638888888888889,1.0,6.7874589328726005,signatures/45bd83380377c03d45f91407d4d10171.sig.gz,"GCF_900142265.1 Anaerotignum lactatifermentans DSM 14214 strain=DSM 14214, IMG-taxon 2585428190 annotated assembly",45bd83380377c03d45f91407d4d10171,0.16164302600472813,360000,138,328048000,/nfs3_ib/nfs-ip34/home/def-ilafores/analysis/MethodsComparison/PD/preproc/SRR19064633/SRR19064633_unmatched_2.fastq,SRR19064633,81d9c50c0a575836c40b0a98b987e901,545746000,31,DNA,1000,545746,true,0.8003094778614351,0.9429085628946382,0.8716090203780367,0.9429085628946382,1310,2438258,4067213
380000,0.0006962946132449894,0.11422208081450844,0.0006578151740919769,0.00013498186596079428,1.5292479108635098,1.0,0.8435283651932567,signatures/e8605a9ea870c376247ec0446d5ce47b.sig.gz,"GCF_006546825.1 Actinomyces oris strain=CCUG 34288, ASM654682v1",e8605a9ea870c376247ec0446d5ce47b,0.12090359529112313,359000,139,327689000,/nfs3_ib/nfs-ip34/home/def-ilafores/analysis/MethodsComparison/PD/preproc/SRR19064633/SRR19064633_unmatched_2.fastq,SRR19064633,81d9c50c0a575836c40b0a98b987e901,545746000,31,DNA,1000,545746,true,0.7909601691860918,0.9341169766421322,0.862538572914112,0.9341169766421322,549,2438807,4067213
1975000,0.0036188996346285633,0.08902225556389097,0.0006523181113558323,0.0029204273294759827,33.36516853932584,29.5,48.82336105310812,signatures/368314a9cda1fb73c39f56f1ff8da594.sig.gz,"GCA_900760795.1 Bacteroidaceae bacterium, SRS021948_34",368314a9cda1fb73c39f56f1ff8da594,0.4938734683670918,356000,140,327333000,/nfs3_ib/nfs-ip34/home/def-ilafores/analysis/MethodsComparison/PD/preproc/SRR19064633/SRR19064633_unmatched_2.fastq,SRR19064633,81d9c50c0a575836c40b0a98b987e901,545746000,31,DNA,1000,545746,true,0.8341504808313014,0.9774997057816731,0.9058250933064873,0.9774997057816731,11878,2450685,4067213
408000,0.0007476005321156729,0.0955841252096143,0.0006266651519204905,0.0001558806976669282,1.8538011695906433,1.0,3.361586430375921,signatures/cb50f5c95b22561d76decec9e552eb93.sig.gz,"GCF_002160765.1 Lachnoclostridium sp. An138 strain=An138, ASM216076v1",cb50f5c95b22561d76decec9e552eb93,0.11403018446059252,342000,141,326991000,/nfs3_ib/nfs-ip34/home/def-ilafores/analysis/MethodsComparison/PD/preproc/SRR19064633/SRR19064633_unmatched_2.fastq,SRR19064633,81d9c50c0a575836c40b0a98b987e901,545746000,31,DNA,1000,545746,true,0.7927762522705227,0.9323549582507418,0.8625656052606323,0.9323549582507418,634,2451319,4067213
1190000,0.002180501552004046,0.07166876839007986,0.000624832797675109,0.0004971463259976794,5.929618768328446,5.0,3.788511283238506,signatures/3e5892a57a7a64d24a3fe971c7892e95.sig.gz,"GCF_004211955.1 Escherichia sp. E1V33 strain=E1V33, ASM421195v1",3e5892a57a7a64d24a3fe971c7892e95,0.25010508617065996,341000,142,326650000,/nfs3_ib/nfs-ip34/home/def-ilafores/analysis/MethodsComparison/PD/preproc/SRR19064633/SRR19064633_unmatched_2.fastq,SRR19064633,81d9c50c0a575836c40b0a98b987e901,545746000,31,DNA,1000,545746,true,0.8206292273615946,0.9562789533540115,0.8884540903578031,0.9562789533540115,2022,2453341,4067213
354000,0.0006486534028650691,0.1295592705167173,0.000624832797675109,0.00015317614297554616,1.8269794721407624,1.0,2.0005804061460366,signatures/21f5e8160b1b38bfc6bbabb42a5e0985.sig.gz,"GCF_014384745.1 Luoshenia tenuis strain=NSJ-44, ASM1438474v1",21f5e8160b1b38bfc6bbabb42a5e0985,0.1344984802431611,341000,143,326309000,/nfs3_ib/nfs-ip34/home/def-ilafores/analysis/MethodsComparison/PD/preproc/SRR19064633/SRR19064633_unmatched_2.fastq,SRR19064633,81d9c50c0a575836c40b0a98b987e901,545746000,31,DNA,1000,545746,true,0.7891538870662936,0.9373334354421687,0.8632436612542311,0.9373334354421687,623,2453964,4067213
453000,0.0008300564731578427,0.050747621205256006,0.0006156710264482012,0.0018880250431929679,22.854166666666668,2.0,42.83307349490394,signatures/f26979452f4db0c26723e6d30f523075.sig.gz,"GCF_902364365.1 Bacteroides intestinalis, MGYG-HGUT-00211",f26979452f4db0c26723e6d30f523075,0.06841866787494336,336000,144,325973000,/nfs3_ib/nfs-ip34/home/def-ilafores/analysis/MethodsComparison/PD/preproc/SRR19064633/SRR19064633_unmatched_2.fastq,SRR19064633,81d9c50c0a575836c40b0a98b987e901,545746000,31,DNA,1000,545746,true,0.7954563910589103,0.9171175148392847,0.8562869529490975,0.9171175148392847,7679,2461643,4067213
548000,0.00100413012646909,0.15831265508684864,0.0005845210042767148,0.00013694881482725395,1.7460815047021943,1.0,1.1803413271293177,signatures/4292607ef7d03f70aad761828817a181.sig.gz,"GCA_900539765.1 uncultured Porphyromonas sp., UMGS166",4292607ef7d03f70aad761828817a181,0.2719602977667494,319000,145,325654000,/nfs3_ib/nfs-ip34/home/def-ilafores/analysis/MethodsComparison/PD/preproc/SRR19064633/SRR19064633_unmatched_2.fastq,SRR19064633,81d9c50c0a575836c40b0a98b987e901,545746000,31,DNA,1000,545746,true,0.8003566325691965,0.9588667125828155,0.879611672576006,0.9588667125828155,557,2462200,4067213
372000,0.000681635779281937,0.10529801324503311,0.0005826886500313333,0.00019374446334627666,2.4779874213836477,1.0,7.202669384609621,signatures/fb8bf81e715c1d2fb9084bb1f5303910.sig.gz,"GCA_018712945.1 Candidatus Pullichristensenella stercorigallinarum, ASM1871294v1",fb8bf81e715c1d2fb9084bb1f5303910,0.12317880794701987,318000,146,325336000,/nfs3_ib/nfs-ip34/home/def-ilafores/analysis/MethodsComparison/PD/preproc/SRR19064633/SRR19064633_unmatched_2.fastq,SRR19064633,81d9c50c0a575836c40b0a98b987e901,545746000,31,DNA,1000,545746,true,0.7904174659487139,0.9346789274111412,0.8625481966799275,0.9346789274111412,788,2462988,4067213
354000,0.0006486534028650691,0.12130637636080871,0.000571694524559044,0.0001521926685423163,1.983974358974359,1.0,2.509545795937313,signatures/d6ceb8d8be43315474eb723b33f46808.sig.gz,"GCF_000701665.1 Agathobaculum desmolans ATCC 43058 strain=ATCC 43058, ASM70166v1",d6ceb8d8be43315474eb723b33f46808,0.13763608087091758,312000,147,325024000,/nfs3_ib/nfs-ip34/home/def-ilafores/analysis/MethodsComparison/PD/preproc/SRR19064633/SRR19064633_unmatched_2.fastq,SRR19064633,81d9c50c0a575836c40b0a98b987e901,545746000,31,DNA,1000,545746,true,0.7891538870662936,0.9380309562364073,0.8635924216513504,0.9380309562364073,619,2463607,4067213
769000,0.0014090804146984128,0.1094257854821235,0.00055520333635061,0.018547098467673072,248.96039603960395,256.0,120.47449540084149,signatures/dd82a26064747276757a754367198a1a.sig.gz,"GCF_900184965.1 Akkermansia muciniphila, Mouse_2_MG.fasta",dd82a26064747276757a754367198a1a,0.27771758757674253,303000,148,324721000,/nfs3_ib/nfs-ip34/home/def-ilafores/analysis/MethodsComparison/PD/preproc/SRR19064633/SRR19064633_unmatched_2.fastq,SRR19064633,81d9c50c0a575836c40b0a98b987e901,545746000,31,DNA,1000,545746,true,0.8091521387710786,0.9595148976190899,0.8843335181950842,0.9595148976190899,75435,2539042,4067213
324000,0.0005936827755036226,0.0974822466107166,0.0005533709821052285,0.0001081821876552814,1.4569536423841059,1.0,0.8397027173232856,signatures/e291f8c577dfa9aa52586eb920644dde.sig.gz,"GCA_019113645.1 Candidatus Mediterraneibacter vanvlietii, ASM1911364v1",e291f8c577dfa9aa52586eb920644dde,0.10458360232408005,302000,149,324419000,/nfs3_ib/nfs-ip34/home/def-ilafores/analysis/MethodsComparison/PD/preproc/SRR19064633/SRR19064633_unmatched_2.fastq,SRR19064633,81d9c50c0a575836c40b0a98b987e901,545746000,31,DNA,1000,545746,true,0.7869028373494183,0.9297577207450742,0.8583302790472462,0.9297577207450742,440,2539482,4067213
794000,0.0014548892708329516,0.09110169491525423,0.0005515386278598469,0.00012760580771157054,1.7242524916943522,1.0,1.3069110405109468,signatures/096843fa27e2a58a7263bd28bcb7a245.sig.gz,"GCF_900199375.1 Gordonibacter urolithinfaciens strain=DSM 27213T, G142160_polished_assembly_ID17483",096843fa27e2a58a7263bd28bcb7a245,0.24031476997578693,301000,150,324118000,/nfs3_ib/nfs-ip34/home/def-ilafores/analysis/MethodsComparison/PD/preproc/SRR19064633/SRR19064633_unmatched_2.fastq,SRR19064633,81d9c50c0a575836c40b0a98b987e901,545746000,31,DNA,1000,545746,true,0.809987627658309,0.9550479489857163,0.8825177883220127,0.9550479489857163,519,2540001,4067213
1488000,0.002726543117127748,0.08356702187324734,0.0005460415651237022,0.0008133333562810701,11.100671140939598,5.0,32.42611528644318,signatures/c904d12975db86fd08a8995198b6cca6.sig.gz,"GCF_013300825.1 Blautia wexlerae strain=MSK.20.46, ASM1330082v1",c904d12975db86fd08a8995198b6cca6,0.41727425687044306,298000,151,323820000,/nfs3_ib/nfs-ip34/home/def-ilafores/analysis/MethodsComparison/PD/preproc/SRR19064633/SRR19064633_unmatched_2.fastq,SRR19064633,81d9c50c0a575836c40b0a98b987e901,545746000,31,DNA,1000,545746,true,0.826566535494055,0.9721998175545876,0.8993831765243213,0.9721998175545876,3308,2543309,4067213
316000,0.0005790239415405701,0.14023529411764707,0.0005460415651237022,0.0001290810193614153,1.761744966442953,1.0,1.4190505056700589,signatures/23b0f4a74a14a09f16e3167f11758f3a.sig.gz,"GCF_016648855.1 Streptococcus parasanguinis strain=6.1, ASM1664885v1",23b0f4a74a14a09f16e3167f11758f3a,0.1487058823529412,298000,152,323522000,/nfs3_ib/nfs-ip34/home/def-ilafores/analysis/MethodsComparison/PD/preproc/SRR19064633/SRR19064633_unmatched_2.fastq,SRR19064633,81d9c50c0a575836c40b0a98b987e901,545746000,31,DNA,1000,545746,true,0.7862684610764994,0.9403746387863394,0.8633215499314194,0.9403746387863394,525,2543834,4067213
291000,0.0005332150854060314,0.1497160557563242,0.0005313827311606499,0.00013153970544448987,1.8448275862068966,1.0,1.4762688772238242,signatures/6eb84df4e337f952fef30feb6cb334e5.sig.gz,"GCF_900101835.1 Peptococcus niger strain=DSM 20475, IMG-taxon 2634166305 annotated assembly",6eb84df4e337f952fef30feb6cb334e5,0.1502323180175529,290000,153,323232000,/nfs3_ib/nfs-ip34/home/def-ilafores/analysis/MethodsComparison/PD/preproc/SRR19064633/SRR19064633_unmatched_2.fastq,SRR19064633,81d9c50c0a575836c40b0a98b987e901,545746000,31,DNA,1000,545746,true,0.7841808046629819,0.9406844817307308,0.8624326431968563,0.9406844817307308,535,2544369,4067213
313000,0.0005735268788044255,0.12867319679430098,0.0005295503769152683,0.00011359129703804546,1.5986159169550174,1.0,1.2553545472620178,signatures/e43897bfe79b05a0dde2d5fd666e20a2.sig.gz,"GCF_014384805.1 Guopingia tenuis strain=NSJ-63, ASM1438480v1",e43897bfe79b05a0dde2d5fd666e20a2,0.13935886019590382,289000,154,322943000,/nfs3_ib/nfs-ip34/home/def-ilafores/analysis/MethodsComparison/PD/preproc/SRR19064633/SRR19064633_unmatched_2.fastq,SRR19064633,81d9c50c0a575836c40b0a98b987e901,545746000,31,DNA,1000,545746,true,0.7860265552978033,0.9384074311333799,0.8622169932155916,0.9384074311333799,462,2544831,4067213
517000,0.0009473271448622619,0.07176558231934442,0.0005295503769152683,0.00033511891312306487,4.716262975778546,1.0,11.976726792014878,signatures/e70cebeab558f667b40dfb9cb7c5e9f2.sig.gz,"GCA_003584705.1 Lachnospiraceae bacterium GAM79 strain=GAM79, ASM358470v1",e70cebeab558f667b40dfb9cb7c5e9f2,0.12838341196920786,289000,155,322654000,/nfs3_ib/nfs-ip34/home/def-ilafores/analysis/MethodsComparison/PD/preproc/SRR19064633/SRR19064633_unmatched_2.fastq,SRR19064633,81d9c50c0a575836c40b0a98b987e901,545746000,31,DNA,1000,545746,true,0.798854601911126,0.9359275319879067,0.8673910669495164,0.9359275319879067,1363,2546194,4067213
288000,0.0005277180226698867,0.14837712519319937,0.0005277180226698867,0.00010203547244759496,1.4409722222222223,1.0,0.7476735393543209,signatures/73c389b29e8474425db23b2d167bba9c.sig.gz,"GCA_002399285.1 Thermoanaerobacterales bacterium UBA4880, ASM239928v1",73c389b29e8474425db23b2d167bba9c,0.14837712519319937,288000,156,322366000,/nfs3_ib/nfs-ip34/home/def-ilafores/analysis/MethodsComparison/PD/preproc/SRR19064633/SRR19064633_unmatched_2.fastq,SRR19064633,81d9c50c0a575836c40b0a98b987e901,545746000,31,DNA,1000,545746,true,0.783918709805439,0.940307503431001,0.8621131066182199,0.940307503431001,415,2546609,4067213
478000,0.0008758653292923814,0.125165271044513,0.0005203886056883606,0.00015243853715062378,2.183098591549296,1.0,2.0983552187564714,signatures/51fdc035c06d922e18fa2a97705484bc.sig.gz,"GCA_900754775.1 Clostridia bacterium, ERS396508_32",51fdc035c06d922e18fa2a97705484bc,0.21066549140590568,284000,157,322082000,/nfs3_ib/nfs-ip34/home/def-ilafores/analysis/MethodsComparison/PD/preproc/SRR19064633/SRR19064633_unmatched_2.fastq,SRR19064633,81d9c50c0a575836c40b0a98b987e901,545746000,31,DNA,1000,545746,true,0.7968359992484838,0.9509998146240657,0.8739179069362748,0.9509998146240657,620,2547229,4067213
292000,0.0005350474396514129,0.15272531030760927,0.000518556251442979,0.00012367190997865122,1.7773851590106007,1.0,1.3645890993102736,signatures/5a55546a82e728ed0531da8d42e4601f.sig.gz,"GCF_900636475.1 Streptococcus anginosus strain=NCTC10713, 42197_F01",5a55546a82e728ed0531da8d42e4601f,0.15758229897463572,283000,158,321799000,/nfs3_ib/nfs-ip34/home/def-ilafores/analysis/MethodsComparison/PD/preproc/SRR19064633/SRR19064633_unmatched_2.fastq,SRR19064633,81d9c50c0a575836c40b0a98b987e901,545746000,31,DNA,1000,545746,true,0.7842675888122694,0.9421350108107508,0.8632012998115102,0.9421350108107508,503,2547732,4067213
292000,0.0005350474396514129,0.11463414634146342,0.0005167238971975974,0.00012293430415372887,1.7730496453900708,1.0,3.3206185750458608,signatures/4fd2aa93936e197efb2b7795110291bc.sig.gz,"GCA_934615635.1 uncultured Eubacteriales bacterium, ERR7738665_bin.208",4fd2aa93936e197efb2b7795110291bc,0.11869918699186992,282000,159,321517000,/nfs3_ib/nfs-ip34/home/def-ilafores/analysis/MethodsComparison/PD/preproc/SRR19064633/SRR19064633_unmatched_2.fastq,SRR19064633,81d9c50c0a575836c40b0a98b987e901,545746000,31,DNA,1000,545746,true,0.7842675888122694,0.9335626661320474,0.8589151274721585,0.9335626661320474,500,2548232,4067213
794000,0.0014548892708329516,0.06274153216640145,0.0005057297717253081,0.001035598578191012,15.26086956521739,11.0,17.201198284778368,signatures/6bae471e5a4f273d83204d975d3e2077.sig.gz,"GCA_019417795.1 Clostridiales bacterium, ASM1941779v1",6bae471e5a4f273d83204d975d3e2077,0.1804955671743578,276000,160,321241000,/nfs3_ib/nfs-ip34/home/def-ilafores/analysis/MethodsComparison/PD/preproc/SRR19064633/SRR19064633_unmatched_2.fastq,SRR19064633,81d9c50c0a575836c40b0a98b987e901,545746000,31,DNA,1000,545746,true,0.809987627658309,0.9462699520760613,0.8781287898671852,0.9462699520760613,4212,2552444,4067213
647000,0.0011855331967618636,0.08012820512820513,0.0005038974174799266,0.00024562273969915027,3.632727272727273,3.0,2.4150328095233764,signatures/31a7e7a53453b9ddc7299fc36ab9e057.sig.gz,"GCF_022508225.1 Desulfovibrio sp. UIB00 strain=UIB00, ASM2250822v1",31a7e7a53453b9ddc7299fc36ab9e057,0.1885198135198135,275000,161,320966000,/nfs3_ib/nfs-ip34/home/def-ilafores/analysis/MethodsComparison/PD/preproc/SRR19064633/SRR19064633_unmatched_2.fastq,SRR19064633,81d9c50c0a575836c40b0a98b987e901,545746000,31,DNA,1000,545746,true,0.8046557517035435,0.9475986196081128,0.8761271856558281,0.9475986196081128,999,2553443,4067213
297000,0.0005442092108783207,0.09503394069310468,0.0004874062292714926,0.00013031036240295258,1.9924812030075187,1.0,3.194205845979367,signatures/f798f56bc941aae6598426251eee479e.sig.gz,"GCF_014384905.1 Fumia xinanensis strain=NSJ-33, ASM1438490v1",f798f56bc941aae6598426251eee479e,0.10610932475884244,266000,162,320700000,/nfs3_ib/nfs-ip34/home/def-ilafores/analysis/MethodsComparison/PD/preproc/SRR19064633/SRR19064633_unmatched_2.fastq,SRR19064633,81d9c50c0a575836c40b0a98b987e901,545746000,31,DNA,1000,545746,true,0.7846972406222521,0.9301922036737041,0.8574447221479782,0.9301922036737041,530,2553973,4067213
717000,0.001313797993938572,0.0879725085910653,0.00046908268681767706,0.002624155656465496,41.69140625,41.0,46.034914615403174,signatures/1b82884ce25303a272a4259d8a351f7f.sig.gz,"GCA_022713905.1 Collinsella sp., ASM2271390v1",1b82884ce25303a272a4259d8a351f7f,0.2463917525773196,256000,163,320444000,/nfs3_ib/nfs-ip34/home/def-ilafores/analysis/MethodsComparison/PD/preproc/SRR19064633/SRR19064633_unmatched_2.fastq,SRR19064633,81d9c50c0a575836c40b0a98b987e901,545746000,31,DNA,1000,545746,true,0.8073266883622884,0.9558176318488406,0.8815721601055645,0.9558176318488406,10673,2564646,4067213
258000,0.0004727473953084402,0.08872651356993737,0.00046725033257229555,0.00009515115141498614,1.5176470588235293,1.0,1.0731492746252052,signatures/e51423437cfc30a8348cc809cd4b310c.sig.gz,"GCF_015751045.1 Enterococcus lactis strain=CCM 8412, ASM1575104v1",e51423437cfc30a8348cc809cd4b310c,0.08977035490605428,255000,164,320189000,/nfs3_ib/nfs-ip34/home/def-ilafores/analysis/MethodsComparison/PD/preproc/SRR19064633/SRR19064633_unmatched_2.fastq,SRR19064633,81d9c50c0a575836c40b0a98b987e901,545746000,31,DNA,1000,545746,true,0.7811419695610076,0.9251882209554415,0.8531650952582246,0.9251882209554415,387,2565033,4067213
397000,0.0007274446354164758,0.07676098735701385,0.00046725033257229555,0.00011826280059588717,1.8862745098039215,1.0,2.3974675861427523,signatures/ac6ff4cab85d8673ba368b5f66dcfee5.sig.gz,"GCF_018408705.1 Oscillibacter sp. MM59 strain=MM59, ASM1840870v1",ac6ff4cab85d8673ba368b5f66dcfee5,0.11950632149307645,255000,165,319934000,/nfs3_ib/nfs-ip34/home/def-ilafores/analysis/MethodsComparison/PD/preproc/SRR19064633/SRR19064633_unmatched_2.fastq,SRR19064633,81d9c50c0a575836c40b0a98b987e901,545746000,31,DNA,1000,545746,true,0.7920776156605933,0.933766771779634,0.8629221937201137,0.933766771779634,481,2565514,4067213
406000,0.0007439358236249097,0.06898454746136866,0.00045808856134538776,0.00019620314942935126,3.192,1.0,9.947217500386731,signatures/4f9f7653a293be189ac633bff28f9766.sig.gz,"GCF_008121495.1 [Ruminococcus] gnavus ATCC 29149 strain=JCM6515, ASM812149v1",4f9f7653a293be189ac633bff28f9766,0.1120309050772627,250000,166,319684000,/nfs3_ib/nfs-ip34/home/def-ilafores/analysis/MethodsComparison/PD/preproc/SRR19064633/SRR19064633_unmatched_2.fastq,SRR19064633,81d9c50c0a575836c40b0a98b987e901,545746000,31,DNA,1000,545746,true,0.7926505940289974,0.9318231137366061,0.8622368538828018,0.9318231137366061,798,2566312,4067213
304000,0.0005570356905959915,0.05226845076311938,0.00045808856134538776,0.00009047964785714444,1.472,1.0,0.9804162381356195,signatures/c77f51fef1fd0ae90ad423dc234cbed0.sig.gz,"GCF_001729805.1 Enterobacter roggenkampii strain=DSM 16690, ASM172980v1",c77f51fef1fd0ae90ad423dc234cbed0,0.06355843612795317,250000,167,319434000,/nfs3_ib/nfs-ip34/home/def-ilafores/analysis/MethodsComparison/PD/preproc/SRR19064633/SRR19064633_unmatched_2.fastq,SRR19064633,81d9c50c0a575836c40b0a98b987e901,545746000,31,DNA,1000,545746,true,0.7852871384878811,0.9149401456870271,0.8501136420874541,0.9149401456870271,368,2566680,4067213
243000,0.00044526208162771694,0.12385321100917432,0.00044526208162771694,0.00008310358960792071,1.3909465020576133,1.0,0.785307683415741,signatures/8b80e22d1e9a80416ea8da935eda4650.sig.gz,"GCA_900754715.1 Erysipelotrichaceae bacterium, ERS396508_30",8b80e22d1e9a80416ea8da935eda4650,0.12385321100917432,243000,168,319191000,/nfs3_ib/nfs-ip34/home/def-ilafores/analysis/MethodsComparison/PD/preproc/SRR19064633/SRR19064633_unmatched_2.fastq,SRR19064633,81d9c50c0a575836c40b0a98b987e901,545746000,31,DNA,1000,545746,true,0.7796341057344118,0.9348435677930879,0.8572388367637498,0.9348435677930879,338,2567018,4067213
1321000,0.002420539958149029,0.05195948921180097,0.00043243560191004606,0.0003756872334937954,6.47457627118644,5.0,4.566294838188555,signatures/38d496bbf253b84b1d5c7263cc0903fc.sig.gz,"GCF_002965065.1 Escherichia sp. MOD1-EC7003 strain=MOD1-EC7003, ASM296506v1",38d496bbf253b84b1d5c7263cc0903fc,0.2908410391897842,236000,169,318955000,/nfs3_ib/nfs-ip34/home/def-ilafores/analysis/MethodsComparison/PD/preproc/SRR19064633/SRR19064633_unmatched_2.fastq,SRR19064633,81d9c50c0a575836c40b0a98b987e901,545746000,31,DNA,1000,545746,true,0.8233985024369429,0.9609450866879278,0.8921717945624353,0.9609450866879278,1528,2568546,4067213
650000,0.0011910302594980082,0.10810810810810811,0.00043243560191004606,0.00017186215720691294,2.961864406779661,2.0,2.26305701043123,signatures/dbd15eddd1d077ef23fe41235986f0cd.sig.gz,"GCF_000785515.1 Streptococcus salivarius strain=NCTC 8618, ASM78551v1",dbd15eddd1d077ef23fe41235986f0cd,0.2977553825011452,236000,170,318719000,/nfs3_ib/nfs-ip34/home/def-ilafores/analysis/MethodsComparison/PD/preproc/SRR19064633/SRR19064633_unmatched_2.fastq,SRR19064633,81d9c50c0a575836c40b0a98b987e901,545746000,31,DNA,1000,545746,true,0.8047758378420353,0.9616736792986257,0.8832247585703306,0.9616736792986257,699,2569245,4067213
271000,0.0004965680004984003,0.04209024433743535,0.00043243560191004606,0.00008015316630823121,1.38135593220339,1.0,0.7469655169295019,signatures/cf23a790a904f93229f728e03d658c99.sig.gz,"GCA_003148945.1 Murimonas intestini strain=DSM 26524, ASM314894v1",cf23a790a904f93229f728e03d658c99,0.04833244159086856,236000,171,318483000,/nfs3_ib/nfs-ip34/home/def-ilafores/analysis/MethodsComparison/PD/preproc/SRR19064633/SRR19064633_unmatched_2.fastq,SRR19064633,81d9c50c0a575836c40b0a98b987e901,545746000,31,DNA,1000,545746,true,0.7823816729733039,0.9068930803543299,0.8446373766638169,0.9068930803543299,326,2569571,4067213
239000,0.0004379326646461907,0.16990640748740102,0.00043243560191004606,0.00008359532682453562,1.4406779661016949,1.0,0.7976912966610231,signatures/ba80d6c7ba0e9a6bd20beba4e2be1c85.sig.gz,"GCA_003150225.1 Firmicutes bacterium, ASM315022v1",ba80d6c7ba0e9a6bd20beba4e2be1c85,0.1720662347012239,236000,172,318247000,/nfs3_ib/nfs-ip34/home/def-ilafores/analysis/MethodsComparison/PD/preproc/SRR19064633/SRR19064633_unmatched_2.fastq,SRR19064633,81d9c50c0a575836c40b0a98b987e901,545746000,31,DNA,1000,545746,true,0.7792167890044818,0.9448111744974665,0.8620139817509742,0.9448111744974665,340,2569911,4067213
250000,0.00045808856134538776,0.11022514071294559,0.0004306032476646645,0.00013055623101126005,2.2595744680851064,1.0,6.361174104607996,signatures/c160a5fa3e7d768a3c6fc7de2be008a0.sig.gz,"GCA_002404795.1 Clostridiales bacterium UBA4696, ASM240479v1",c160a5fa3e7d768a3c6fc7de2be008a0,0.11726078799249531,235000,173,318012000,/nfs3_ib/nfs-ip34/home/def-ilafores/analysis/MethodsComparison/PD/preproc/SRR19064633/SRR19064633_unmatched_2.fastq,SRR19064633,81d9c50c0a575836c40b0a98b987e901,545746000,31,DNA,1000,545746,true,0.7803486652160155,0.9331955759337737,0.8567721205748946,0.9331955759337737,531,2570442,4067213
324000,0.0005936827755036226,0.08862229102167182,0.0004196091221923752,0.00012342604137034378,2.1921397379912664,1.0,3.953631822998572,signatures/56af0d4b1747b30a50f095a98c4c19ad.sig.gz,"GCA_900756495.1 uncultured Oscillospiraceae bacterium, ERS537207_19",56af0d4b1747b30a50f095a98c4c19ad,0.12538699690402477,229000,174,317783000,/nfs3_ib/nfs-ip34/home/def-ilafores/analysis/MethodsComparison/PD/preproc/SRR19064633/SRR19064633_unmatched_2.fastq,SRR19064633,81d9c50c0a575836c40b0a98b987e901,545746000,31,DNA,1000,545746,true,0.7869028373494183,0.9352147999419644,0.8610588186456913,0.9352147999419644,502,2570944,4067213
1323000,0.002424204666639792,0.03451449608835711,0.000412279705210849,0.00020333333907026754,3.6755555555555555,3.0,2.7578699957721455,signatures/4abbad3eb8b6487e29054e16f40387a1.sig.gz,"GCF_902364025.1 Enterocloster lavalensis, MGYG-HGUT-00172",4abbad3eb8b6487e29054e16f40387a1,0.2029452369995398,225000,175,317558000,/nfs3_ib/nfs-ip34/home/def-ilafores/analysis/MethodsComparison/PD/preproc/SRR19064633/SRR19064633_unmatched_2.fastq,SRR19064633,81d9c50c0a575836c40b0a98b987e901,545746000,31,DNA,1000,545746,true,0.8234386868472464,0.9498551520161173,0.8866469194316818,0.9498551520161173,827,2571771,4067213
225000,0.000412279705210849,0.08642462509865825,0.0004012855797385597,0.00009318420254852648,1.730593607305936,1.0,1.506614067702884,signatures/f0ecb3c4151f2bdc4de759bcdace8ba6.sig.gz,"GCF_900099625.1 Lactococcus lactis strain=ATCC 19435, IMG-taxon 2597490350 annotated assembly",f0ecb3c4151f2bdc4de759bcdace8ba6,0.08879242304656669,219000,176,317339000,/nfs3_ib/nfs-ip34/home/def-ilafores/analysis/MethodsComparison/PD/preproc/SRR19064633/SRR19064633_unmatched_2.fastq,SRR19064633,81d9c50c0a575836c40b0a98b987e901,545746000,31,DNA,1000,545746,true,0.7777009756102291,0.9248613745779023,0.8512811750940656,0.9248613745779023,379,2572150,4067213
655000,0.001200192030724916,0.055011303692539565,0.0004012855797385597,0.0011440266344546006,21.246575342465754,17.0,18.157942892800513,signatures/a41580c1a13ad5f7b4bdf825de916f71.sig.gz,"GCA_900760095.1 uncultured Oxalobacter sp., SRS013098_77",a41580c1a13ad5f7b4bdf825de916f71,0.164531524742527,219000,177,317120000,/nfs3_ib/nfs-ip34/home/def-ilafores/analysis/MethodsComparison/PD/preproc/SRR19064633/SRR19064633_unmatched_2.fastq,SRR19064633,81d9c50c0a575836c40b0a98b987e901,545746000,31,DNA,1000,545746,true,0.8049747945224401,0.9434474470531898,0.8742111207878149,0.9434474470531898,4653,2576803,4067213
504000,0.0009235065396723018,0.02698019801980198,0.00039945322549317814,0.0011354212331638398,21.18348623853211,7.0,82.5077327638312,signatures/6672ed00a5e62028f3d25099a8b409db.sig.gz,"GCA_900761785.1 uncultured Bacteroides sp., SRS098827_17",6672ed00a5e62028f3d25099a8b409db,0.062376237623762376,218000,178,316902000,/nfs3_ib/nfs-ip34/home/def-ilafores/analysis/MethodsComparison/PD/preproc/SRR19064633/SRR19064633_unmatched_2.fastq,SRR19064633,81d9c50c0a575836c40b0a98b987e901,545746000,31,DNA,1000,545746,true,0.7981986095996862,0.9143861743205924,0.8562923919601393,0.9143861743205924,4618,2581421,4067213
223000,0.0004086149967200859,0.10092592592592593,0.00039945322549317814,0.00008285772099961325,1.5458715596330275,1.0,1.63959225800011,signatures/87c024897b236fa04a28cc44a019b791.sig.gz,"GCA_000432155.1 Eubacterium sp. CAG:274, MGS274",87c024897b236fa04a28cc44a019b791,0.10324074074074074,218000,179,316684000,/nfs3_ib/nfs-ip34/home/def-ilafores/analysis/MethodsComparison/PD/preproc/SRR19064633/SRR19064633_unmatched_2.fastq,SRR19064633,81d9c50c0a575836c40b0a98b987e901,545746000,31,DNA,1000,545746,true,0.7774770141599657,0.9293702058038811,0.8534236099819235,0.9293702058038811,337,2581758,4067213
341000,0.000624832797675109,0.03228262524744937,0.00038845910002088883,0.001971374501409196,37.820754716981135,1.0,406.9525329784097,signatures/60210be30b063414acf935ddf123a997.sig.gz,"GCF_000158035.1 Bacteroides cellulosilyticus DSM 14838 strain=DSM 14838, ASM15803v1",60210be30b063414acf935ddf123a997,0.051926298157453935,212000,180,316472000,/nfs3_ib/nfs-ip34/home/def-ilafores/analysis/MethodsComparison/PD/preproc/SRR19064633/SRR19064633_unmatched_2.fastq,SRR19064633,81d9c50c0a575836c40b0a98b987e901,545746000,31,DNA,1000,545746,true,0.7882020181281625,0.9089937197124562,0.8485978689203093,0.9089937197124562,8018,2589776,4067213
418000,0.0007659240745694884,0.05551086082059534,0.0003792973287939811,0.0008425917206696576,16.555555555555557,8.0,18.833507901090545,signatures/f22e85c6befcb1bccc2db3184aa9ec05.sig.gz,"GCA_025145285.1 Alistipes onderdonkii strain=DSM 19147, ASM2514528v1",f22e85c6befcb1bccc2db3184aa9ec05,0.11209439528023599,207000,181,316265000,/nfs3_ib/nfs-ip34/home/def-ilafores/analysis/MethodsComparison/PD/preproc/SRR19064633/SRR19064633_unmatched_2.fastq,SRR19064633,81d9c50c0a575836c40b0a98b987e901,545746000,31,DNA,1000,545746,true,0.7933957357542144,0.9318401440088979,0.8626179398815561,0.9318401440088979,3427,2593203,4067213
203000,0.00037196791181245487,0.08956560680698612,0.0003664708490763102,0.00007154776501747019,1.455,1.0,0.7987333722838927,signatures/cc92eed60946910b7ef2e782d0bd073f.sig.gz,"GCF_022133705.1 Varibaculum cambriense strain=DFI.7.46, NA",cc92eed60946910b7ef2e782d0bd073f,0.09090909090909091,200000,182,316065000,/nfs3_ib/nfs-ip34/home/def-ilafores/analysis/MethodsComparison/PD/preproc/SRR19064633/SRR19064633_unmatched_2.fastq,SRR19064633,81d9c50c0a575836c40b0a98b987e901,545746000,31,DNA,1000,545746,true,0.7751239292204276,0.9255644971545982,0.850344213187513,0.9255644971545982,291,2593494,4067213
1331000,0.0024388635006028446,0.034608695652173914,0.00036463849483092865,0.0003688029124611866,7.5376884422110555,6.0,13.515200327143926,signatures/c08f8e47dd318b08d89c36c36e6da9e1.sig.gz,"GCF_000210075.1 Bacteroides xylanisolvens XB1A strain=XB1A, ASM21007v1",c08f8e47dd318b08d89c36c36e6da9e1,0.23147826086956522,199000,183,315866000,/nfs3_ib/nfs-ip34/home/def-ilafores/analysis/MethodsComparison/PD/preproc/SRR19064633/SRR19064633_unmatched_2.fastq,SRR19064633,81d9c50c0a575836c40b0a98b987e901,545746000,31,DNA,1000,545746,true,0.8235988387794585,0.9538944662994946,0.8887466525394765,0.9538944662994946,1500,2594994,4067213
237000,0.00043426795615542763,0.0907840440165062,0.00036280614058554713,0.00007130189640916273,1.4646464646464648,1.0,0.9724812720601376,signatures/7b84dbbb3f681c53d36cf76d788fd1fa.sig.gz,"GCA_020555865.1 bacterium 210917-DFI.7.65 strain=DFI.7.65, ASM2055586v1",7b84dbbb3f681c53d36cf76d788fd1fa,0.10866574965612105,198000,184,315668000,/nfs3_ib/nfs-ip34/home/def-ilafores/analysis/MethodsComparison/PD/preproc/SRR19064633/SRR19064633_unmatched_2.fastq,SRR19064633,81d9c50c0a575836c40b0a98b987e901,545746000,31,DNA,1000,545746,true,0.7790055892838902,0.9309068274133182,0.8549562083486042,0.9309068274133182,290,2595284,4067213
192000,0.0003518120151132578,0.0657439446366782,0.0003481473066224947,0.00006417170676824646,1.3736842105263158,1.0,0.6823659345967239,signatures/ce22b42f3eebd9f4d4b76c6a136629f8.sig.gz,"GCF_003315195.1 Sutterella wadsworthensis strain=DSM 14016, ASM331519v1",ce22b42f3eebd9f4d4b76c6a136629f8,0.06643598615916955,190000,185,315478000,/nfs3_ib/nfs-ip34/home/def-ilafores/analysis/MethodsComparison/PD/preproc/SRR19064633/SRR19064633_unmatched_2.fastq,SRR19064633,81d9c50c0a575836c40b0a98b987e901,545746000,31,DNA,1000,545746,true,0.7737321922610404,0.9162479425818764,0.8449900674214583,0.9162479425818764,261,2595545,4067213
1391000,0.0025488047553257377,0.03865821231335651,0.00034631495237711317,0.00075629183915374,16.275132275132275,16.0,10.738767509728754,signatures/710cdbb1b39af4ff433ed7fbad6c78ce.sig.gz,"GCF_000614125.1 Bacteroides rodentium JCM 16496 strain=JCM 16496, ASM61412v1",710cdbb1b39af4ff433ed7fbad6c78ce,0.2845162609940683,189000,186,315289000,/nfs3_ib/nfs-ip34/home/def-ilafores/analysis/MethodsComparison/PD/preproc/SRR19064633/SRR19064633_unmatched_2.fastq,SRR19064633,81d9c50c0a575836c40b0a98b987e901,545746000,31,DNA,1000,545746,true,0.8247711054091214,0.9602637872379022,0.8925174463235117,0.9602637872379022,3076,2598621,4067213
188000,0.0003444825981317316,0.08493150684931507,0.0003408178896409685,0.00006490931259316884,1.4193548387096775,1.0,0.8008406959727067,signatures/37218a3b14fc9d90f9fe55470b8f5af4.sig.gz,"GCA_934281605.1 uncultured Clostridia bacterium, ERR7746048_bin.272",37218a3b14fc9d90f9fe55470b8f5af4,0.08584474885844749,186000,187,315103000,/nfs3_ib/nfs-ip34/home/def-ilafores/analysis/MethodsComparison/PD/preproc/SRR19064633/SRR19064633_unmatched_2.fastq,SRR19064633,81d9c50c0a575836c40b0a98b987e901,545746000,31,DNA,1000,545746,true,0.7732068964483482,0.9238546920860194,0.8485307942671838,0.9238546920860194,264,2598885,4067213
185000,0.00033898553539558695,0.10614849187935035,0.00033532082690482386,0.00006810560450116578,1.5136612021857923,1.0,1.7331796595305904,signatures/d3b842efa1711c5c9a1c2f820085e183.sig.gz,"GCA_904397845.1 uncultured Ruminococcaceae bacterium, Coassembly_mag_52",d3b842efa1711c5c9a1c2f820085e183,0.10730858468677494,183000,188,314920000,/nfs3_ib/nfs-ip34/home/def-ilafores/analysis/MethodsComparison/PD/preproc/SRR19064633/SRR19064633_unmatched_2.fastq,SRR19064633,81d9c50c0a575836c40b0a98b987e901,545746000,31,DNA,1000,545746,true,0.772805777540582,0.9305294962293948,0.8516676368849885,0.9305294962293948,277,2599162,4067213
949000,0.001738904178867092,0.07725138711054204,0.0003316561184140607,0.00037224507297749096,8.3646408839779,8.0,5.385643747287148,signatures/f13e135757270fecaea23fef1abba799.sig.gz,"GCF_001042615.1 Bifidobacterium catenulatum subsp. kashiwanohense JCM 15439 = DSM 21854 strain=JCM 15439, ASM104261v1",f13e135757270fecaea23fef1abba799,0.4050362782757149,181000,189,314739000,/nfs3_ib/nfs-ip34/home/def-ilafores/analysis/MethodsComparison/PD/preproc/SRR19064633/SRR19064633_unmatched_2.fastq,SRR19064633,81d9c50c0a575836c40b0a98b987e901,545746000,31,DNA,1000,545746,true,0.8146604521426052,0.9712667324760331,0.8929635923093191,0.9712667324760331,1514,2600676,4067213
174000,0.0003188296386963899,0.10977157360406091,0.00031699728445100834,0.0000558121740857929,1.3121387283236994,1.0,0.5437214342799932,signatures/3d295508e778c700c51484b0d78278ce.sig.gz,"GCA_944393575.1 uncultured Clostridia bacterium, E40__bin13",3d295508e778c700c51484b0d78278ce,0.11040609137055837,173000,190,314566000,/nfs3_ib/nfs-ip34/home/def-ilafores/analysis/MethodsComparison/PD/preproc/SRR19064633/SRR19064633_unmatched_2.fastq,SRR19064633,81d9c50c0a575836c40b0a98b987e901,545746000,31,DNA,1000,545746,true,0.7712791132673288,0.9313840741049161,0.8513315936861224,0.9313840741049161,227,2600903,4067213
708000,0.0012973068057301382,0.07803337843933243,0.00031699728445100834,0.001845735642564085,43.39306358381503,43.0,17.786022906925208,signatures/751a745e6747775c1fb8f2e708d999f8.sig.gz,"GCA_905216145.1 uncultured bacterium, SRR5519183-mag-bin.15",751a745e6747775c1fb8f2e708d999f8,0.3193504736129905,173000,191,314393000,/nfs3_ib/nfs-ip34/home/def-ilafores/analysis/MethodsComparison/PD/preproc/SRR19064633/SRR19064633_unmatched_2.fastq,SRR19064633,81d9c50c0a575836c40b0a98b987e901,545746000,31,DNA,1000,545746,true,0.8069977893631838,0.9638481788342591,0.8854229840987214,0.9638481788342591,7507,2608410,4067213
2231000,0.004087982321446241,0.024691358024691357,0.0003041708047333375,0.00025250706073175905,6.186746987951807,5.0,4.276026504937107,signatures/32a90d9faa0865b9d4716569d60e47de.sig.gz,"GCF_014334015.1 Bacteroides sp. M10 strain=M10, ASM1433401v1",32a90d9faa0865b9d4716569d60e47de,0.33184590212702664,166000,192,314227000,/nfs3_ib/nfs-ip34/home/def-ilafores/analysis/MethodsComparison/PD/preproc/SRR19064633/SRR19064633_unmatched_2.fastq,SRR19064633,81d9c50c0a575836c40b0a98b987e901,545746000,31,DNA,1000,545746,true,0.837436534039176,0.9650422722497095,0.9012394031444427,0.9650422722497095,1027,2609437,4067213
614000,0.0011250655066642723,0.047949162333911034,0.0003041708047333375,0.0001563724348835431,3.8313253012048194,3.0,2.5189368435691217,signatures/5fb4934818deb601d7a1a8df336e421a.sig.gz,"GCA_023419375.1 Proteobacteria bacterium, ASM2341937v1",5fb4934818deb601d7a1a8df336e421a,0.17735413056036972,166000,193,314061000,/nfs3_ib/nfs-ip34/home/def-ilafores/analysis/MethodsComparison/PD/preproc/SRR19064633/SRR19064633_unmatched_2.fastq,SRR19064633,81d9c50c0a575836c40b0a98b987e901,545746000,31,DNA,1000,545746,true,0.8032980330316254,0.9457341564390538,0.8745160947353396,0.9457341564390538,636,2610073,4067213
843000,0.0015446746288566475,0.05941663665826431,0.00030233845048795594,0.00949987128778355,234.16969696969696,241.0,104.38771692762863,signatures/0a3c4c5b5d699368003a2d33414561bc.sig.gz,"GCA_905200945.1 uncultured Akkermansia sp., ERR414247-mag-bin.14",0a3c4c5b5d699368003a2d33414561bc,0.30356499819949584,165000,194,313896000,/nfs3_ib/nfs-ip34/home/def-ilafores/analysis/MethodsComparison/PD/preproc/SRR19064633/SRR19064633_unmatched_2.fastq,SRR19064633,81d9c50c0a575836c40b0a98b987e901,545746000,31,DNA,1000,545746,true,0.8115538138107636,0.9622733134910921,0.8869135636509279,0.9622733134910921,38638,2648711,4067213
424000,0.0007769182000417777,0.05641205325858444,0.0002950090335064297,0.0005182910263121208,13.093167701863354,13.0,8.251332467013606,signatures/b0e12174c418172a8baf3fa6bc65786e.sig.gz,"GCA_900553515.1 uncultured Blautia sp., UMGS1622",b0e12174c418172a8baf3fa6bc65786e,0.14856341976173792,161000,195,313735000,/nfs3_ib/nfs-ip34/home/def-ilafores/analysis/MethodsComparison/PD/preproc/SRR19064633/SRR19064633_unmatched_2.fastq,SRR19064633,81d9c50c0a575836c40b0a98b987e901,545746000,31,DNA,1000,545746,true,0.793760577486759,0.9403455642160345,0.8670530708513968,0.9403455642160345,2108,2650819,4067213
666000,0.001220347927424113,0.03366504340461571,0.00029134432501566664,0.0022735470210190614,58.15723270440252,11.0,96.311570821491,signatures/c6b25015f23efa66f969bb8db0161cd8.sig.gz,"GCF_000156195.1 Bacteroides finegoldii DSM 17565 strain=DSM 17565, ASM15619v1",c6b25015f23efa66f969bb8db0161cd8,0.1410120686004658,159000,196,313576000,/nfs3_ib/nfs-ip34/home/def-ilafores/analysis/MethodsComparison/PD/preproc/SRR19064633/SRR19064633_unmatched_2.fastq,SRR19064633,81d9c50c0a575836c40b0a98b987e901,545746000,31,DNA,1000,545746,true,0.8054073752381432,0.9387644917973418,0.8720859335177424,0.9387644917973418,9247,2660066,4067213
1254000,0.002297772223708465,0.026668931544080177,0.00028767961652490355,0.00024586860830745773,6.369426751592357,6.0,4.4654178971544205,signatures/8eefaa3cc97d57d4ec60598fc2400299.sig.gz,"GCA_021201905.1 Clostridia bacterium, ASM2120190v1",8eefaa3cc97d57d4ec60598fc2400299,0.21301172074061492,157000,197,313419000,/nfs3_ib/nfs-ip34/home/def-ilafores/analysis/MethodsComparison/PD/preproc/SRR19064633/SRR19064633_unmatched_2.fastq,SRR19064633,81d9c50c0a575836c40b0a98b987e901,545746000,31,DNA,1000,545746,true,0.8220171343145007,0.9513396480650382,0.8866783911897695,0.9513396480650382,1000,2661066,4067213
244000,0.00044709443587309845,0.043007769145394004,0.0002840149080341404,0.0006289319000504769,16.503225806451614,13.0,19.666042189536363,signatures/daf8ba7d8c1025a4e0adf4364e044657.sig.gz,"GCA_022835495.1 Oscillospiraceae bacterium strain=CE91-St44, ASM2283549v1",daf8ba7d8c1025a4e0adf4364e044657,0.06770255271920089,155000,198,313264000,/nfs3_ib/nfs-ip34/home/def-ilafores/analysis/MethodsComparison/PD/preproc/SRR19064633/SRR19064633_unmatched_2.fastq,SRR19064633,81d9c50c0a575836c40b0a98b987e901,545746000,31,DNA,1000,545746,true,0.7797373960365341,0.9168062854318948,0.8482718407342145,0.9168062854318948,2558,2663624,4067213
335000,0.0006138386722028197,0.042727787209960386,0.00027668549105261425,0.00021243047757764347,5.7218543046357615,1.0,39.973196141997285,signatures/204af89ac36dfdd7c4fcad734dffd0d2.sig.gz,"GCF_900104635.1 Coprococcus phoceensis strain=Marseille-P3062, PRJEB16356",204af89ac36dfdd7c4fcad734dffd0d2,0.0947934352009055,151000,199,313113000,/nfs3_ib/nfs-ip34/home/def-ilafores/analysis/MethodsComparison/PD/preproc/SRR19064633/SRR19064633_unmatched_2.fastq,SRR19064633,81d9c50c0a575836c40b0a98b987e901,545746000,31,DNA,1000,545746,true,0.7877507886522502,0.9268145585903086,0.8572826736212794,0.9268145585903086,864,2664488,4067213
1022000,0.0018726660387799452,0.032167530224525044,0.0002730207825618511,0.0002348045209336221,6.409395973154362,5.0,5.474790821070741,signatures/16c61a72a7b0e33b078d70321bdf2cda.sig.gz,"GCF_000026225.1 Escherichia fergusonii ATCC 35469 strain=ATCC 35469T, ASM2622v1",16c61a72a7b0e33b078d70321bdf2cda,0.22063903281519862,149000,200,312964000,/nfs3_ib/nfs-ip34/home/def-ilafores/analysis/MethodsComparison/PD/preproc/SRR19064633/SRR19064633_unmatched_2.fastq,SRR19064633,81d9c50c0a575836c40b0a98b987e901,545746000,31,DNA,1000,545746,true,0.8166102926160752,0.9524199037385468,0.884515098177311,0.9524199037385468,955,2665443,4067213
724000,0.001326624473656243,0.07142857142857142,0.0002730207825618511,0.0007130189640916273,19.463087248322147,18.0,12.169123371190718,signatures/90b92750dc8865ed4f4ab15e1fc4c9f1.sig.gz,"GCF_002834225.1 Ruminococcus bromii strain=ATCC 27255, ASM283422v1",90b92750dc8865ed4f4ab15e1fc4c9f1,0.34707574304889743,149000,201,312815000,/nfs3_ib/nfs-ip34/home/def-ilafores/analysis/MethodsComparison/PD/preproc/SRR19064633/SRR19064633_unmatched_2.fastq,SRR19064633,81d9c50c0a575836c40b0a98b987e901,545746000,31,DNA,1000,545746,true,0.8075797481523728,0.9664401769721755,0.8870099625622742,0.9664401769721755,2900,2668343,4067213
154000,0.0002821825537887589,0.08586448598130841,0.000269356074071088,0.000055320436869177985,1.530612244897959,1.0,0.8435922738360713,signatures/38ef6a4a8249b67cdc20d79a98ef7a72.sig.gz,"GCA_900546685.1 uncultured Clostridiales bacterium, UMGS913",38ef6a4a8249b67cdc20d79a98ef7a72,0.08995327102803738,147000,202,312668000,/nfs3_ib/nfs-ip34/home/def-ilafores/analysis/MethodsComparison/PD/preproc/SRR19064633/SRR19064633_unmatched_2.fastq,SRR19064633,81d9c50c0a575836c40b0a98b987e901,545746000,31,DNA,1000,545746,true,0.7682471766742796,0.92524897282097,0.8467480747476248,0.92524897282097,225,2668568,4067213
179000,0.00032799140992329764,0.0443213296398892,0.00026385901133494337,0.00031717050471662047,8.958333333333334,1.0,18.003037938081444,signatures/25e008905b2a3471b221e0946e6c1637.sig.gz,"GCA_003460745.1 Firmicutes bacterium AM55-24TS strain=AM55-24TS, ASM346074v1",25e008905b2a3471b221e0946e6c1637,0.05509387503847338,144000,203,312524000,/nfs3_ib/nfs-ip34/home/def-ilafores/analysis/MethodsComparison/PD/preproc/SRR19064633/SRR19064633_unmatched_2.fastq,SRR19064633,81d9c50c0a575836c40b0a98b987e901,545746000,31,DNA,1000,545746,true,0.7719842976422612,0.910731650219612,0.8413579739309366,0.910731650219612,1290,2669858,4067213
639000,0.001170874362798811,0.0325591985428051,0.0002620266570895618,0.00021956066721855975,6.244755244755245,3.0,8.270950751799715,signatures/b7ffc7db10e9d5437f87b064a28aa398.sig.gz,"GCA_900758315.1 uncultured Oscillospiraceae bacterium, ERS608503_14",b7ffc7db10e9d5437f87b064a28aa398,0.14549180327868852,143000,204,312381000,/nfs3_ib/nfs-ip34/home/def-ilafores/analysis/MethodsComparison/PD/preproc/SRR19064633/SRR19064633_unmatched_2.fastq,SRR19064633,81d9c50c0a575836c40b0a98b987e901,545746000,31,DNA,1000,545746,true,0.8043328681728968,0.9397120398340825,0.8720224540034897,0.9397120398340825,893,2670751,4067213
348000,0.0006376592773927798,0.03953022056717273,0.00025286488586265406,0.0003220878768827696,9.492753623188406,2.0,16.750187702522414,signatures/6c2fd7f70466fec71d58f02498e9d85a.sig.gz,"GCF_002159845.1 Anaeromassilibacillus sp. An250 strain=An250, ASM215984v1",6c2fd7f70466fec71d58f02498e9d85a,0.09968490403895731,138000,205,312243000,/nfs3_ib/nfs-ip34/home/def-ilafores/analysis/MethodsComparison/PD/preproc/SRR19064633/SRR19064633_unmatched_2.fastq,SRR19064633,81d9c50c0a575836c40b0a98b987e901,545746000,31,DNA,1000,545746,true,0.7887188412675764,0.928320032706555,0.8585194369870657,0.928320032706555,1310,2672061,4067213
1412000,0.0025872841944787504,0.0421760391198044,0.00025286488586265406,0.0009564288863160105,28.18840579710145,25.0,22.92253834384804,signatures/b0a316f942f0beea5fd102847b2e7868.sig.gz,"GCA_019414725.1 Bacteroides sp., ASM1941472v1",b0a316f942f0beea5fd102847b2e7868,0.4315403422982885,138000,206,312105000,/nfs3_ib/nfs-ip34/home/def-ilafores/analysis/MethodsComparison/PD/preproc/SRR19064633/SRR19064633_unmatched_2.fastq,SRR19064633,81d9c50c0a575836c40b0a98b987e901,545746000,31,DNA,1000,545746,true,0.8251698648949022,0.9732546712209456,0.8992122680579239,0.9732546712209456,3890,2675951,4067213
191000,0.00034997966086787626,0.06144256455921639,0.00025286488586265406,0.00014776703359278208,4.355072463768116,1.0,12.709576855085649,signatures/3ad5330fb3eb0f7c2a66d3f4fe1d321d.sig.gz,"GCF_000372405.1 Porphyromonas somerae DSM 23386 strain=DSM 23386, ASM37240v1",3ad5330fb3eb0f7c2a66d3f4fe1d321d,0.085040071237756,138000,207,311967000,/nfs3_ib/nfs-ip34/home/def-ilafores/analysis/MethodsComparison/PD/preproc/SRR19064633/SRR19064633_unmatched_2.fastq,SRR19064633,81d9c50c0a575836c40b0a98b987e901,545746000,31,DNA,1000,545746,true,0.7736018682003186,0.9235740662512364,0.8485879672257775,0.9235740662512364,601,2676552,4067213
138000,0.00025286488586265406,0.05800865800865801,0.00024553546888112784,0.000047698510011646796,1.4477611940298507,1.0,0.8246859572263466,signatures/aefa305b24dd4b1993a3e1e96436d280.sig.gz,"GCF_000154825.1 Anaerofustis stercorihominis DSM 17244 strain=DSM 17244, ASM15482v1",aefa305b24dd4b1993a3e1e96436d280,0.05974025974025974,134000,208,311833000,/nfs3_ib/nfs-ip34/home/def-ilafores/analysis/MethodsComparison/PD/preproc/SRR19064633/SRR19064633_unmatched_2.fastq,SRR19064633,81d9c50c0a575836c40b0a98b987e901,545746000,31,DNA,1000,545746,true,0.7655334041992025,0.9131134614847107,0.8393234328419565,0.9131134614847107,194,2676746,4067213
241000,0.0004415973731369538,0.0481149012567325,0.00024553546888112784,0.00013055623101126005,3.962686567164179,3.0,2.7438036471290492,signatures/d7d55148acae44f0a039b9af097f6cab.sig.gz,"GCA_905200905.1 uncultured Firmicutes bacterium, ERR414356-mag-bin.36",d7d55148acae44f0a039b9af097f6cab,0.08653500897666068,134000,209,311699000,/nfs3_ib/nfs-ip34/home/def-ilafores/analysis/MethodsComparison/PD/preproc/SRR19064633/SRR19064633_unmatched_2.fastq,SRR19064633,81d9c50c0a575836c40b0a98b987e901,545746000,31,DNA,1000,545746,true,0.779426285252451,0.9240933945526847,0.8517598399025679,0.9240933945526847,531,2677277,4067213
277000,0.0005075621259706896,0.03918022905364678,0.00023820605189960164,0.00006417170676824646,2.0076923076923077,1.0,2.603241038652672,signatures/c7f0f63b1e20051e05be14074e3f6057.sig.gz,"GCA_000020605.1 [Eubacterium] rectale ATCC 33656 strain=ATCC 33656, ASM2060v1",c7f0f63b1e20051e05be14074e3f6057,0.08348402652200121,130000,210,311569000,/nfs3_ib/nfs-ip34/home/def-ilafores/analysis/MethodsComparison/PD/preproc/SRR19064633/SRR19064633_unmatched_2.fastq,SRR19064633,81d9c50c0a575836c40b0a98b987e901,545746000,31,DNA,1000,545746,true,0.7829345498433837,0.923024040422559,0.8529792951329713,0.923024040422559,261,2677538,4067213
346000,0.0006339945689020167,0.030865686038099832,0.00023454134340883853,0.0003845385033928639,12.21875,2.0,25.272248088318147,signatures/9216287e15b5df82656d9407b3ab0a7c.sig.gz,"GCA_025146565.1 Bacteroides eggerthii strain=DSM 20697, ASM2514656v1",9216287e15b5df82656d9407b3ab0a7c,0.0834338075717386,128000,211,311441000,/nfs3_ib/nfs-ip34/home/def-ilafores/analysis/MethodsComparison/PD/preproc/SRR19064633/SRR19064633_unmatched_2.fastq,SRR19064633,81d9c50c0a575836c40b0a98b987e901,545746000,31,DNA,1000,545746,true,0.7885722115924979,0.9230061243834362,0.855789167987967,0.9230061243834362,1564,2679102,4067213
584000,0.0010700948793028258,0.029686377783097916,0.00022721192642731234,0.000183172113189056,6.008064516129032,3.0,9.382117485512891,signatures/10a3119a5699e5fe2f6e2fb304de6b7c.sig.gz,"GCF_020537505.1 Blautia glucerasea strain=MSK.18.94, ASM2053750v1",10a3119a5699e5fe2f6e2fb304de6b7c,0.13981326310749342,124000,212,311317000,/nfs3_ib/nfs-ip34/home/def-ilafores/analysis/MethodsComparison/PD/preproc/SRR19064633/SRR19064633_unmatched_2.fastq,SRR19064633,81d9c50c0a575836c40b0a98b987e901,545746000,31,DNA,1000,545746,true,0.8020010048908601,0.9385059800791062,0.8702534924849832,0.9385059800791062,745,2679847,4067213
582000,0.0010664301708120628,0.05502931889941362,0.00022354721793654923,0.0001180169319875797,3.9344262295081966,1.0,4.324421130441665,signatures/0ffe36c89a44946cee180ac754d6f047.sig.gz,"GCF_001025215.1 Bifidobacterium pseudocatenulatum DSM 20438 = JCM 1200 = LMG 10505 strain=JCM 1200, ASM102521v1",0ffe36c89a44946cee180ac754d6f047,0.2625169147496617,122000,213,311195000,/nfs3_ib/nfs-ip34/home/def-ilafores/analysis/MethodsComparison/PD/preproc/SRR19064633/SRR19064633_unmatched_2.fastq,SRR19064633,81d9c50c0a575836c40b0a98b987e901,545746000,31,DNA,1000,545746,true,0.8019122584273697,0.9577742096171219,0.8798432340222457,0.9577742096171219,480,2680327,4067213
168000,0.0003078355132241006,0.05704856199905705,0.00022171486369116768,0.00007769448022515664,2.6115702479338845,2.0,1.7738779520775612,signatures/08af2ff5fb287e7daa3f6cd6aea4ab82.sig.gz,"GCA_021769865.1 Oscillospiraceae bacterium, ASM2176986v1",08af2ff5fb287e7daa3f6cd6aea4ab82,0.07920792079207921,121000,214,311074000,/nfs3_ib/nfs-ip34/home/def-ilafores/analysis/MethodsComparison/PD/preproc/SRR19064633/SRR19064633_unmatched_2.fastq,SRR19064633,81d9c50c0a575836c40b0a98b987e901,545746000,31,DNA,1000,545746,true,0.7704065361964104,0.9214598289118316,0.845933182554121,0.9214598289118316,316,2680643,4067213
315000,0.0005771915872951886,0.0545045045045045,0.00022171486369116768,0.000050157196094721374,1.6859504132231404,1.0,1.2533133465532833,signatures/cdc4d8d5762bb1b4c8c89cafdd49bd96.sig.gz,"GCF_000507765.1 Streptococcus parasanguinis CC87K strain=CC87K, Stre_para_CC87K_V1",cdc4d8d5762bb1b4c8c89cafdd49bd96,0.14189189189189189,121000,215,310953000,/nfs3_ib/nfs-ip34/home/def-ilafores/analysis/MethodsComparison/PD/preproc/SRR19064633/SRR19064633_unmatched_2.fastq,SRR19064633,81d9c50c0a575836c40b0a98b987e901,545746000,31,DNA,1000,545746,true,0.7861880736806698,0.9389528681369484,0.8625704709088091,0.9389528681369484,204,2680847,4067213
146000,0.00026752371982570645,0.030534351145038167,0.00021988250944578614,0.00004007658315411561,1.3583333333333334,1.0,0.6682792995613606,signatures/1d739fc1c126a2769a7de00d487ba058.sig.gz,"GCF_000711965.1 Actinomyces israelii DSM 43320 strain=DSM 43320, ASM71196v1",1d739fc1c126a2769a7de00d487ba058,0.0371501272264631,120000,216,310833000,/nfs3_ib/nfs-ip34/home/def-ilafores/analysis/MethodsComparison/PD/preproc/SRR19064633/SRR19064633_unmatched_2.fastq,SRR19064633,81d9c50c0a575836c40b0a98b987e901,545746000,31,DNA,1000,545746,true,0.7669262845189491,0.8992277222403143,0.8330770033796318,0.8992277222403143,163,2681010,4067213
264000,0.0004837415207807295,0.04456928838951311,0.00021805015520040457,0.00014850463941770445,5.07563025210084,4.0,7.386291713373578,signatures/e8ce25582ce522443dd6bc1cef5b800c.sig.gz,"GCA_900765975.1 Lachnospiraceae bacterium, SRS295012_16",e8ce25582ce522443dd6bc1cef5b800c,0.09887640449438202,119000,217,310714000,/nfs3_ib/nfs-ip34/home/def-ilafores/analysis/MethodsComparison/PD/preproc/SRR19064633/SRR19064633_unmatched_2.fastq,SRR19064633,81d9c50c0a575836c40b0a98b987e901,545746000,31,DNA,1000,545746,true,0.781721477239173,0.9280761974310094,0.8548988373350912,0.9280761974310094,604,2681614,4067213
1194000,0.002187830968985572,0.02753354928273947,0.00021805015520040457,0.0010311729432414777,35.2436974789916,34.0,30.72758221887504,signatures/284259e70e0364cec13b6b5c7e16db9f.sig.gz,"GCF_004793765.1 Parabacteroides distasonis strain=NM39_I3, ASM479376v1",284259e70e0364cec13b6b5c7e16db9f,0.27626099028227674,119000,218,310595000,/nfs3_ib/nfs-ip34/home/def-ilafores/analysis/MethodsComparison/PD/preproc/SRR19064633/SRR19064633_unmatched_2.fastq,SRR19064633,81d9c50c0a575836c40b0a98b987e901,545746000,31,DNA,1000,545746,true,0.8207180641677303,0.9593521439764865,0.8900351040721084,0.9593521439764865,4194,2685808,4067213
547000,0.0010022977722237085,0.048903878583473864,0.00021255309246425992,0.0001418661869934031,4.974137931034483,4.0,3.7288743029474625,signatures/667d0501b9c8706946a15f6814b63f86.sig.gz,"GCA_900550745.1 uncultured Desulfovibrio sp., UMGS1330",667d0501b9c8706946a15f6814b63f86,0.2306070826306914,116000,219,310479000,/nfs3_ib/nfs-ip34/home/def-ilafores/analysis/MethodsComparison/PD/preproc/SRR19064633/SRR19064633_unmatched_2.fastq,SRR19064633,81d9c50c0a575836c40b0a98b987e901,545746000,31,DNA,1000,545746,true,0.8003094778614351,0.9537784477160423,0.8770439627887388,0.9537784477160423,577,2686385,4067213
728000,0.0013339538906377692,0.05169340463458111,0.00021255309246425992,0.0012202459030299126,42.78448275862069,42.0,19.723872300478035,signatures/d5ccc2788238cd21ba47eb7d414edf60.sig.gz,"GCA_900760905.1 uncultured Collinsella sp., SRS023715_33",d5ccc2788238cd21ba47eb7d414edf60,0.3244206773618538,116000,220,310363000,/nfs3_ib/nfs-ip34/home/def-ilafores/analysis/MethodsComparison/PD/preproc/SRR19064633/SRR19064633_unmatched_2.fastq,SRR19064633,81d9c50c0a575836c40b0a98b987e901,545746000,31,DNA,1000,545746,true,0.8077232927291832,0.9643380593388748,0.8860306760340291,0.9643380593388748,4963,2691348,4067213
644000,0.0011800361340257189,0.043363499245852186,0.00021072073821887838,0.00006613865563470612,2.3391304347826085,2.0,2.1584493488804446,signatures/a202d6e19a5a61416204946db31cfb35.sig.gz,"GCA_019411365.1 Roseburia sp., ASM1941136v1",a202d6e19a5a61416204946db31cfb35,0.24283559577677225,115000,221,310248000,/nfs3_ib/nfs-ip34/home/def-ilafores/analysis/MethodsComparison/PD/preproc/SRR19064633/SRR19064633_unmatched_2.fastq,SRR19064633,81d9c50c0a575836c40b0a98b987e901,545746000,31,DNA,1000,545746,true,0.8045351254994969,0.9553694860472293,0.8799523057733631,0.9553694860472293,269,2691617,4067213
584000,0.0010700948793028258,0.034650455927051675,0.00020888838397349683,0.00023308344067546991,8.31578947368421,3.0,20.909712252491534,signatures/adb0ed78ca86ef0f7a6de3e9b273ca7a.sig.gz,"GCA_902363045.1 Clostridiales bacterium, MGYG-HGUT-00086",adb0ed78ca86ef0f7a6de3e9b273ca7a,0.17750759878419453,114000,222,310134000,/nfs3_ib/nfs-ip34/home/def-ilafores/analysis/MethodsComparison/PD/preproc/SRR19064633/SRR19064633_unmatched_2.fastq,SRR19064633,81d9c50c0a575836c40b0a98b987e901,545746000,31,DNA,1000,545746,true,0.8020010048908601,0.945760544213562,0.873880774552211,0.945760544213562,948,2692565,4067213
357000,0.0006541504656012138,0.02524916943521595,0.00020888838397349683,0.00017481258050660244,6.2368421052631575,5.0,4.7059175729223535,signatures/d167331c1290a50891ddecadc4953808.sig.gz,"GCA_021772025.1 Enterocloster bolteae, ASM2177202v1",d167331c1290a50891ddecadc4953808,0.07906976744186046,114000,223,310020000,/nfs3_ib/nfs-ip34/home/def-ilafores/analysis/MethodsComparison/PD/preproc/SRR19064633/SRR19064633_unmatched_2.fastq,SRR19064633,81d9c50c0a575836c40b0a98b987e901,545746000,31,DNA,1000,545746,true,0.7893687410184013,0.9214079400298416,0.8553883405241214,0.9214079400298416,711,2693276,4067213
200000,0.0003664708490763102,0.03750414868901427,0.00020705602972811526,0.00004032245176242306,1.4513274336283186,1.0,0.8091419080115018,signatures/9196730273108bdb75cdf35e1ddeada2.sig.gz,"GCF_001956585.1 Actinomyces naeslundii strain=NCTC 10301, ASM195658v1",9196730273108bdb75cdf35e1ddeada2,0.06637902422834384,113000,224,309907000,/nfs3_ib/nfs-ip34/home/def-ilafores/analysis/MethodsComparison/PD/preproc/SRR19064633/SRR19064633_unmatched_2.fastq,SRR19064633,81d9c50c0a575836c40b0a98b987e901,545746000,31,DNA,1000,545746,true,0.7747517437709905,0.9162225905440605,0.8454871671575255,0.9162225905440605,164,2693440,4067213
114000,0.00020888838397349683,0.05340264650283554,0.00020705602972811526,0.00004007658315411561,1.4424778761061947,1.0,0.7279265388558865,signatures/6c8b1f14a29f4273034e0af0b66104c7.sig.gz,"GCA_018376445.1 Corynebacteriales bacterium, ASM1837644v1",6c8b1f14a29f4273034e0af0b66104c7,0.05387523629489603,113000,225,309794000,/nfs3_ib/nfs-ip34/home/def-ilafores/analysis/MethodsComparison/PD/preproc/SRR19064633/SRR19064633_unmatched_2.fastq,SRR19064633,81d9c50c0a575836c40b0a98b987e901,545746000,31,DNA,1000,545746,true,0.7608298755742647,0.9100747615970852,0.835452318585675,0.9100747615970852,163,2693603,4067213
133000,0.0002437031146357463,0.051188299817184646,0.00020522367548273372,0.00004081418897903798,1.4821428571428572,1.0,0.6941354187706003,signatures/419095204c9ce692353e030f466fa6fe.sig.gz,"GCF_001553855.1 Streptococcus gordonii strain=CCUG 33482, ASM155385v1",419095204c9ce692353e030f466fa6fe,0.06078610603290677,112000,226,309682000,/nfs3_ib/nfs-ip34/home/def-ilafores/analysis/MethodsComparison/PD/preproc/SRR19064633/SRR19064633_unmatched_2.fastq,SRR19064633,81d9c50c0a575836c40b0a98b987e901,545746000,31,DNA,1000,545746,true,0.7646226022187216,0.9136248033145041,0.8391237027666129,0.9136248033145041,166,2693769,4067213
265000,0.000485573875026111,0.05785123966942149,0.00020522367548273372,0.00004081418897903798,1.4821428571428572,1.0,0.8862253709769687,signatures/ad8d72820c36b0a922e72867738a5f8c.sig.gz,"GCF_001697145.1 Streptococcus anginosus strain=J4206, ASM169714v1",ad8d72820c36b0a922e72867738a5f8c,0.1368801652892562,112000,227,309570000,/nfs3_ib/nfs-ip34/home/def-ilafores/analysis/MethodsComparison/PD/preproc/SRR19064633/SRR19064633_unmatched_2.fastq,SRR19064633,81d9c50c0a575836c40b0a98b987e901,545746000,31,DNA,1000,545746,true,0.7818168208673567,0.9378643262189152,0.859840573543136,0.9378643262189152,166,2693935,4067213
723000,0.0013247921194108614,0.027210884353741496,0.00020522367548273372,0.0001529302743672387,5.553571428571429,3.0,8.065401510812235,signatures/06f53d8a347ef84d19961ba77261cd81.sig.gz,"GCF_003471165.1 Ruminococcus sp. AM22-13 strain=AM22-13, ASM347116v1",06f53d8a347ef84d19961ba77261cd81,0.17565597667638483,112000,228,309458000,/nfs3_ib/nfs-ip34/home/def-ilafores/analysis/MethodsComparison/PD/preproc/SRR19064633/SRR19064633_unmatched_2.fastq,SRR19064633,81d9c50c0a575836c40b0a98b987e901,545746000,31,DNA,1000,545746,true,0.807543742094297,0.9454406867597156,0.8764922144270063,0.9454406867597156,622,2694557,4067213
119000,0.00021805015520040457,0.054252199413489736,0.00020339132123735218,0.0000447480867119573,1.6396396396396395,1.0,1.2065347057861768,signatures/11bf35286b94d1626da0ecadfc51e27c.sig.gz,"GCF_000311745.1 Anaerococcus obesiensis ph10 strain=ph10, ASM31174v1",11bf35286b94d1626da0ecadfc51e27c,0.05816226783968719,111000,229,309347000,/nfs3_ib/nfs-ip34/home/def-ilafores/analysis/MethodsComparison/PD/preproc/SRR19064633/SRR19064633_unmatched_2.fastq,SRR19064633,81d9c50c0a575836c40b0a98b987e901,545746000,31,DNA,1000,545746,true,0.761884110340283,0.9123253037610346,0.8371047070506588,0.9123253037610346,182,2694739,4067213
160000,0.0002931766792610482,0.01977552111170497,0.00020339132123735218,0.0002812736879037316,10.306306306306306,10.0,6.307142801664702,signatures/3a937c8ed2d3c203d0b6b4cd1b82a911.sig.gz,"GCF_001598855.1 Pluralibacter gergoviae ATCC 33028 = NBRC 105706 strain=NBRC 105706, ASM159885v1",3a937c8ed2d3c203d0b6b4cd1b82a911,0.028505255656511668,111000,230,309236000,/nfs3_ib/nfs-ip34/home/def-ilafores/analysis/MethodsComparison/PD/preproc/SRR19064633/SRR19064633_unmatched_2.fastq,SRR19064633,81d9c50c0a575836c40b0a98b987e901,545746000,31,DNA,1000,545746,true,0.7691949653172437,0.8915770258312073,0.8303859955742255,0.8915770258312073,1144,2695883,4067213
284000,0.0005203886056883606,0.030244173140954494,0.00019972661274658907,0.00009465941419837122,3.532110091743119,2.0,6.952748525674886,signatures/437bc68a6cbcbe0d3854d11ef130de0e.sig.gz,"GCA_900756035.1 uncultured Anaerostipes sp., ERS473319_7",437bc68a6cbcbe0d3854d11ef130de0e,0.07880133185349611,109000,231,309127000,/nfs3_ib/nfs-ip34/home/def-ilafores/analysis/MethodsComparison/PD/preproc/SRR19064633/SRR19064633_unmatched_2.fastq,SRR19064633,81d9c50c0a575836c40b0a98b987e901,545746000,31,DNA,1000,545746,true,0.7835651096825523,0.9213068672269207,0.8524359884547366,0.9213068672269207,385,2696268,4067213
341000,0.000624832797675109,0.02987598647125141,0.00019422955001044442,0.00018046755849767396,6.9245283018867925,3.0,15.681197798642248,signatures/7e75980e185a634bb1b9c7535e692c2d.sig.gz,"GCF_015557635.1 Fusicatenibacter saccharivorans strain=D41t1_190614_C8, ASM1555763v1",7e75980e185a634bb1b9c7535e692c2d,0.09611048478015784,106000,232,309021000,/nfs3_ib/nfs-ip34/home/def-ilafores/analysis/MethodsComparison/PD/preproc/SRR19064633/SRR19064633_unmatched_2.fastq,SRR19064633,81d9c50c0a575836c40b0a98b987e901,545746000,31,DNA,1000,545746,true,0.7882020181281625,0.9272271802048369,0.8577145991664996,0.9272271802048369,734,2697002,4067213
380000,0.0006962946132449894,0.029379157427937917,0.00019422955001044442,0.0003002055707434059,11.518867924528301,10.0,9.05979208815905,signatures/48227f0b50ffcdb8b37511d627bd1277.sig.gz,"GCF_014297285.1 Dysosmobacter sp. BX15 strain=BX15, ASM1429728v1",48227f0b50ffcdb8b37511d627bd1277,0.10532150776053215,106000,233,308915000,/nfs3_ib/nfs-ip34/home/def-ilafores/analysis/MethodsComparison/PD/preproc/SRR19064633/SRR19064633_unmatched_2.fastq,SRR19064633,81d9c50c0a575836c40b0a98b987e901,545746000,31,DNA,1000,545746,true,0.7909601691860918,0.9299686160120919,0.8604643925990918,0.9299686160120919,1221,2698223,4067213
104000,0.0001905648415196813,0.06238643246517262,0.00018873248727429976,0.00003147118186335459,1.2427184466019416,1.0,0.6303954594465215,signatures/ecb1f259d9885683db00c86d0ac1e2ed.sig.gz,"GCA_910588425.1 uncultured Christensenellaceae bacterium, MGBC163952",ecb1f259d9885683db00c86d0ac1e2ed,0.06299212598425197,103000,234,308812000,/nfs3_ib/nfs-ip34/home/def-ilafores/analysis/MethodsComparison/PD/preproc/SRR19064633/SRR19064633_unmatched_2.fastq,SRR19064633,81d9c50c0a575836c40b0a98b987e901,545746000,31,DNA,1000,545746,true,0.7585799853534807,0.9146760316667661,0.8366280085101234,0.9146760316667661,128,2698351,4067213
383000,0.000701791675981134,0.028196003284971256,0.00018873248727429976,0.0005497622081754754,21.70873786407767,21.0,20.144926879726746,signatures/00191848f4049b7a1cb875559983f7c7.sig.gz,"GCA_025145845.1 Alistipes shahii WAL 8301 strain=WAL 8301, ASM2514584v1",00191848f4049b7a1cb875559983f7c7,0.10484533260333972,103000,235,308709000,/nfs3_ib/nfs-ip34/home/def-ilafores/analysis/MethodsComparison/PD/preproc/SRR19064633/SRR19064633_unmatched_2.fastq,SRR19064633,81d9c50c0a575836c40b0a98b987e901,545746000,31,DNA,1000,545746,true,0.7911608366469197,0.9298326882598805,0.8604967624534001,0.9298326882598805,2236,2700587,4067213
355000,0.0006504857571104506,0.055735930735930736,0.00018873248727429976,0.00005900846599378985,2.3300970873786406,2.0,2.045066759014597,signatures/f10d58765fd345bffe82da57fb72ecc7.sig.gz,"GCF_000188295.1 Streptococcus vestibularis ATCC 49124 strain=ATCC 49124, ASM18829v1",f10d58765fd345bffe82da57fb72ecc7,0.1920995670995671,103000,236,308606000,/nfs3_ib/nfs-ip34/home/def-ilafores/analysis/MethodsComparison/PD/preproc/SRR19064633/SRR19064633_unmatched_2.fastq,SRR19064633,81d9c50c0a575836c40b0a98b987e901,545746000,31,DNA,1000,545746,true,0.7892257001894025,0.9481737939864243,0.8686997470879134,0.9481737939864243,240,2700827,4067213
104000,0.0001905648415196813,0.02789400278940028,0.0001832354245381551,0.00003220878768827696,1.31,1.0,0.5948949487094339,signatures/86b0acdf32e8b86336aa07911d522ac0.sig.gz,"GCF_004103715.1 Tissierellia sp. JN-28 strain=JN-28, ASM410371v1",86b0acdf32e8b86336aa07911d522ac0,0.02900976290097629,100000,237,308506000,/nfs3_ib/nfs-ip34/home/def-ilafores/analysis/MethodsComparison/PD/preproc/SRR19064633/SRR19064633_unmatched_2.fastq,SRR19064633,81d9c50c0a575836c40b0a98b987e901,545746000,31,DNA,1000,545746,true,0.7585799853534807,0.8920817421528943,0.8253308637531875,0.8920817421528943,131,2700958,4067213
845000,0.0015483393373474108,0.022578460149017838,0.0001832354245381551,0.00006417170676824646,2.61,2.0,1.9590558950678258,signatures/5341adbf5a622f84e4ae01967e69058c.sig.gz,"GCF_000807675.2 Eubacterium limosum strain=ATCC 8486, ASM80767v2",5341adbf5a622f84e4ae01967e69058c,0.19078798825920074,100000,238,308406000,/nfs3_ib/nfs-ip34/home/def-ilafores/analysis/MethodsComparison/PD/preproc/SRR19064633/SRR19064633_unmatched_2.fastq,SRR19064633,81d9c50c0a575836c40b0a98b987e901,545746000,31,DNA,1000,545746,true,0.8116158521238923,0.9479642703079114,0.8797900612159019,0.9479642703079114,261,2701219,4067213
517000,0.0009473271448622619,0.013651406508549365,0.00018140307029277357,0.00015883112096661767,6.525252525252525,2.0,11.94629686449382,signatures/29611fa36bb9b07cc99128b0c8d4c87f.sig.gz,"GCA_022845955.1 Lachnospiraceae bacterium strain=CE91-St56, ASM2284595v1",29611fa36bb9b07cc99128b0c8d4c87f,0.07129067843353558,99000,239,308307000,/nfs3_ib/nfs-ip34/home/def-ilafores/analysis/MethodsComparison/PD/preproc/SRR19064633/SRR19064633_unmatched_2.fastq,SRR19064633,81d9c50c0a575836c40b0a98b987e901,545746000,31,DNA,1000,545746,true,0.798854601911126,0.9183348302354795,0.8585947160733027,0.9183348302354795,646,2701865,4067213
494000,0.0009051829972184862,0.019545903257650543,0.00018140307029277357,0.000790713444316784,32.484848484848484,7.0,118.91575522670936,signatures/894ebfeac80d6a527fbc03d1d52101ee.sig.gz,"GCA_900762515.1 uncultured Odoribacter sp., SRS144506_36",894ebfeac80d6a527fbc03d1d52101ee,0.09753208292201382,99000,240,308208000,/nfs3_ib/nfs-ip34/home/def-ilafores/analysis/MethodsComparison/PD/preproc/SRR19064633/SRR19064633_unmatched_2.fastq,SRR19064633,81d9c50c0a575836c40b0a98b987e901,545746000,31,DNA,1000,545746,true,0.7976827602471257,0.9276664598975753,0.8626746100723506,0.9276664598975753,3216,2705081,4067213
537000,0.0009839742297698929,0.03353867214236824,0.000179570716047392,0.000047698510011646796,1.9795918367346939,2.0,1.2934654593870059,signatures/c2fade4f42e635706985115129a18bab.sig.gz,"GCA_019420305.1 Firmicutes bacterium, ASM1942030v1",c2fade4f42e635706985115129a18bab,0.1837782340862423,98000,241,308110000,/nfs3_ib/nfs-ip34/home/def-ilafores/analysis/MethodsComparison/PD/preproc/SRR19064633/SRR19064633_unmatched_2.fastq,SRR19064633,81d9c50c0a575836c40b0a98b987e901,545746000,31,DNA,1000,545746,true,0.7998332880884952,0.9468202783461585,0.8733267832173268,0.9468202783461585,194,2705275,4067213
197000,0.00036097378634016556,0.02375181774115366,0.000179570716047392,0.00007351471388392985,3.0510204081632653,1.5,8.488133913064408,signatures/9e6b95c996701adb865ec51683a2ccb5.sig.gz,"GCF_900604355.1 Clostridiales bacterium Marseille-P5551 strain=Marseille-P5551, PRJEB27165",9e6b95c996701adb865ec51683a2ccb5,0.04774600096946195,98000,242,308012000,/nfs3_ib/nfs-ip34/home/def-ilafores/analysis/MethodsComparison/PD/preproc/SRR19064633/SRR19064633_unmatched_2.fastq,SRR19064633,81d9c50c0a575836c40b0a98b987e901,545746000,31,DNA,1000,545746,true,0.7743741159209614,0.9065360193968368,0.8404550676588991,0.9065360193968368,299,2705574,4067213
1081000,0.001980774939257457,0.019878296146044624,0.000179570716047392,0.00011260782260481563,4.673469387755102,4.0,3.37087014202105,signatures/508fc5149090b0f21b10913fa9e34604.sig.gz,"GCF_005843885.1 Escherichia sp. E4742 strain=E4742, ASM584388v1",508fc5149090b0f21b10913fa9e34604,0.21926977687626775,98000,243,307914000,/nfs3_ib/nfs-ip34/home/def-ilafores/analysis/MethodsComparison/PD/preproc/SRR19064633/SRR19064633_unmatched_2.fastq,SRR19064633,81d9c50c0a575836c40b0a98b987e901,545746000,31,DNA,1000,545746,true,0.8180900927886081,0.9522286647069577,0.8851593787477829,0.9522286647069577,458,2706032,4067213
1112000,0.002037577920864285,0.0329190460194827,0.000179570716047392,0.0001521926685423163,6.316326530612245,6.0,3.9810698458916236,signatures/78f6a266a0fffd08c8145495b700d709.sig.gz,"GCA_900556625.1 uncultured Bacteroides sp., UMGS1954",78f6a266a0fffd08c8145495b700d709,0.3735303997312731,98000,244,307816000,/nfs3_ib/nfs-ip34/home/def-ilafores/analysis/MethodsComparison/PD/preproc/SRR19064633/SRR19064633_unmatched_2.fastq,SRR19064633,81d9c50c0a575836c40b0a98b987e901,545746000,31,DNA,1000,545746,true,0.8188365750501048,0.9687329301987261,0.8937847526244154,0.9687329301987261,619,2706651,4067213
480000,0.0008795300377831446,0.02469450101832994,0.00017773836180201045,0.00021956066721855975,9.206185567010309,4.0,13.462386045104358,signatures/52370be796ec3a37d7125effffb04193.sig.gz,"GCF_013304385.1 Blautia glucerasea strain=MSK.21.93, ASM1330438v1",52370be796ec3a37d7125effffb04193,0.12219959266802444,97000,245,307719000,/nfs3_ib/nfs-ip34/home/def-ilafores/analysis/MethodsComparison/PD/preproc/SRR19064633/SRR19064633_unmatched_2.fastq,SRR19064633,81d9c50c0a575836c40b0a98b987e901,545746000,31,DNA,1000,545746,true,0.7969433318395093,0.9344383144583492,0.8656908231489293,0.9344383144583492,893,2707544,4067213
458000,0.0008392182443847504,0.019223147047166073,0.00017773836180201045,0.0012091818156560771,50.70103092783505,21.0,192.04478456153845,signatures/5a944002304468e89a9c51cd7760fe7d.sig.gz,"GCA_001915545.1 Bacteroides sp. 43_108, ASM191554v1",5a944002304468e89a9c51cd7760fe7d,0.090764962346413,97000,246,307622000,/nfs3_ib/nfs-ip34/home/def-ilafores/analysis/MethodsComparison/PD/preproc/SRR19064633/SRR19064633_unmatched_2.fastq,SRR19064633,81d9c50c0a575836c40b0a98b987e901,545746000,31,DNA,1000,545746,true,0.795738110980845,0.9255171252205138,0.8606276181006793,0.9255171252205138,4918,2712462,4067213
904000,0.0016564482378249221,0.06958393113342898,0.00017773836180201045,0.00009834744332298309,4.123711340206185,3.0,3.334473889965415,signatures/9f35aaf57b80928b92546075af819741.sig.gz,"GCA_019410105.1 Clostridiales bacterium, ASM1941010v1",9f35aaf57b80928b92546075af819741,0.648493543758967,97000,247,307525000,/nfs3_ib/nfs-ip34/home/def-ilafores/analysis/MethodsComparison/PD/preproc/SRR19064633/SRR19064633_unmatched_2.fastq,SRR19064633,81d9c50c0a575836c40b0a98b987e901,545746000,31,DNA,1000,545746,true,0.8133848149122608,0.9861260705393154,0.8997554427257881,0.9861260705393154,400,2712862,4067213
341000,0.000624832797675109,0.04129416773094934,0.00017773836180201045,0.000048436115836569166,2.0309278350515463,2.0,1.4463149636831059,signatures/4279dc09ffeb01eec5578e523297089a.sig.gz,"GCA_001064145.1 Sanguibacter keddieii strain=250_SKED, ASM106414v1",4279dc09ffeb01eec5578e523297089a,0.14516815666240954,97000,248,307428000,/nfs3_ib/nfs-ip34/home/def-ilafores/analysis/MethodsComparison/PD/preproc/SRR19064633/SRR19064633_unmatched_2.fastq,SRR19064633,81d9c50c0a575836c40b0a98b987e901,545746000,31,DNA,1000,545746,true,0.7882020181281625,0.9396445352082098,0.8639232766681861,0.9396445352082098,197,2713059,4067213
97000,0.00017773836180201045,0.043299908842297175,0.00017407365331124734,0.000029750101605202382,1.2736842105263158,1.0,0.5514021412087913,signatures/fc41081648a8736dcff9bbe573536cdb.sig.gz,"GCF_900155575.1 Actinotignum timonense strain=type strain: Marseille-P2803, ASM90015557v1",fc41081648a8736dcff9bbe573536cdb,0.04421148587055606,95000,249,307333000,/nfs3_ib/nfs-ip34/home/def-ilafores/analysis/MethodsComparison/PD/preproc/SRR19064633/SRR19064633_unmatched_2.fastq,SRR19064633,81d9c50c0a575836c40b0a98b987e901,545746000,31,DNA,1000,545746,true,0.756876810115104,0.9042897000809286,0.8305832550980163,0.9042897000809286,121,2713180,4067213
121000,0.00022171486369116768,0.03907563025210084,0.00017040894482048426,0.00019079404004658718,8.344086021505376,1.0,23.15979767756442,signatures/f9dd3f356b540b8f9c5b001e03c3dc3a.sig.gz,"GCA_900551265.1 uncultured Clostridiales bacterium, UMGS1384",f9dd3f356b540b8f9c5b001e03c3dc3a,0.05084033613445378,93000,250,307240000,/nfs3_ib/nfs-ip34/home/def-ilafores/analysis/MethodsComparison/PD/preproc/SRR19064633/SRR19064633_unmatched_2.fastq,SRR19064633,81d9c50c0a575836c40b0a98b987e901,545746000,31,DNA,1000,545746,true,0.7622938450720205,0.9083741933146187,0.8353340191933196,0.9083741933146187,776,2713956,4067213
994000,0.0018213601199092617,0.01840368073614723,0.0001685765905751027,0.00015981459539984752,7.065217391304348,6.0,4.738382469894329,signatures/77a7ed2c6c963d84f505bc3ff58ba172.sig.gz,"GCF_019583405.1 Bacteroides fragilis strain=S82, ASM1958340v1",77a7ed2c6c963d84f505bc3ff58ba172,0.1988397679535907,92000,251,307148000,/nfs3_ib/nfs-ip34/home/def-ilafores/analysis/MethodsComparison/PD/preproc/SRR19064633/SRR19064633_unmatched_2.fastq,SRR19064633,81d9c50c0a575836c40b0a98b987e901,545746000,31,DNA,1000,545746,true,0.8158788436873445,0.9492291630037184,0.8825540033455315,0.9492291630037184,650,2714606,4067213
435000,0.0007970740967409748,0.02495201535508637,0.00016674423632972115,0.00009318420254852648,4.164835164835165,4.0,3.1247460952279873,signatures/58207c8665731f3a2852f89886c5ff46.sig.gz,"GCA_900553145.1 uncultured Desulfovibrio sp., UMGS1582",58207c8665731f3a2852f89886c5ff46,0.11927611735673156,91000,252,307057000,/nfs3_ib/nfs-ip34/home/def-ilafores/analysis/MethodsComparison/PD/preproc/SRR19064633/SRR19064633_unmatched_2.fastq,SRR19064633,81d9c50c0a575836c40b0a98b987e901,545746000,31,DNA,1000,545746,true,0.7944166630953781,0.9337086947916243,0.8640626789435012,0.9337086947916243,379,2714985,4067213
378000,0.0006926299047542263,0.014285714285714285,0.0001649118820843396,0.0003365941247729096,15.21111111111111,1.0,55.92703469590126,signatures/df098e390010d8add7b59e4ff0574d30.sig.gz,"GCF_000011065.1 Bacteroides thetaiotaomicron VPI-5482 strain=VPI-5482, ASM1106v1",df098e390010d8add7b59e4ff0574d30,0.06,90000,253,306967000,/nfs3_ib/nfs-ip34/home/def-ilafores/analysis/MethodsComparison/PD/preproc/SRR19064633/SRR19064633_unmatched_2.fastq,SRR19064633,81d9c50c0a575836c40b0a98b987e901,545746000,31,DNA,1000,545746,true,0.7908255373558569,0.913241259230308,0.8520333982930824,0.913241259230308,1369,2716354,4067213
143000,0.0002620266570895618,0.03289473684210526,0.0001649118820843396,0.00009810157471467563,4.433333333333334,4.0,3.4993650217654557,signatures/52d45f84e01c4ac6b8a87f5bc1894ec7.sig.gz,"GCF_004340975.1 Frisingicoccus caecimuris strain=DSM 28559, ASM434097v1",52d45f84e01c4ac6b8a87f5bc1894ec7,0.05226608187134503,90000,254,306877000,/nfs3_ib/nfs-ip34/home/def-ilafores/analysis/MethodsComparison/PD/preproc/SRR19064633/SRR19064633_unmatched_2.fastq,SRR19064633,81d9c50c0a575836c40b0a98b987e901,545746000,31,DNA,1000,545746,true,0.7664128140018355,0.9091849880187002,0.8377989010102678,0.9091849880187002,399,2716753,4067213
502000,0.0009198418311815387,0.024965325936199722,0.0001649118820843396,0.00039093108720885777,17.666666666666668,7.0,21.5916650585359,signatures/8e36fa6376c89f326361da49b008d0df.sig.gz,"GCA_022728415.1 Collinsella sp., ASM2272841v1",8e36fa6376c89f326361da49b008d0df,0.139251040221914,90000,255,306787000,/nfs3_ib/nfs-ip34/home/def-ilafores/analysis/MethodsComparison/PD/preproc/SRR19064633/SRR19064633_unmatched_2.fastq,SRR19064633,81d9c50c0a575836c40b0a98b987e901,545746000,31,DNA,1000,545746,true,0.798096236935835,0.938384001957214,0.8682401194465246,0.938384001957214,1590,2718343,4067213
400000,0.0007329416981526204,0.03088538091969801,0.0001649118820843396,0.0007420314598719074,33.53333333333333,32.0,13.712281599597738,signatures/0c35426a95cf5daaf8846a0c3c2c8c64.sig.gz,"GCA_934754975.1 uncultured Alistipes sp., ERR7738662_bin.4",0c35426a95cf5daaf8846a0c3c2c8c64,0.13726835964310227,90000,256,306697000,/nfs3_ib/nfs-ip34/home/def-ilafores/analysis/MethodsComparison/PD/preproc/SRR19064633/SRR19064633_unmatched_2.fastq,SRR19064633,81d9c50c0a575836c40b0a98b987e901,545746000,31,DNA,1000,545746,true,0.7922699929322387,0.9379500086435169,0.8651100007878778,0.9379500086435169,3018,2721361,4067213
553000,0.0010132918976959978,0.02170731707317073,0.00016307952783895806,0.00008998791064052953,4.112359550561798,4.0,3.142453783404897,signatures/f3794e41b396d87db9c4d865aaec4865.sig.gz,"GCF_009834925.2 Eggerthella sp. HF-1101 strain=HF-1101, ASM983492v2",f3794e41b396d87db9c4d865aaec4865,0.1348780487804878,89000,257,306608000,/nfs3_ib/nfs-ip34/home/def-ilafores/analysis/MethodsComparison/PD/preproc/SRR19064633/SRR19064633_unmatched_2.fastq,SRR19064633,81d9c50c0a575836c40b0a98b987e901,545746000,31,DNA,1000,545746,true,0.800591164049536,0.9374186498229097,0.8690049069362229,0.9374186498229097,366,2721727,4067213
373000,0.0006834681335273186,0.019703342926721275,0.00016307952783895806,0.00009367593976514138,4.280898876404494,2.0,6.206174460906833,signatures/008c48860ada89fb2281666f49e06708.sig.gz,"GCA_900551775.1 uncultured Eubacterium sp., UMGS1437",008c48860ada89fb2281666f49e06708,0.08257693159176445,89000,258,306519000,/nfs3_ib/nfs-ip34/home/def-ilafores/analysis/MethodsComparison/PD/preproc/SRR19064633/SRR19064633_unmatched_2.fastq,SRR19064633,81d9c50c0a575836c40b0a98b987e901,545746000,31,DNA,1000,545746,true,0.7904859181822099,0.9226988076436493,0.8565923629129296,0.9226988076436493,381,2722108,4067213
498000,0.0009125124142000125,0.019189305735230703,0.00016307952783895806,0.0000924465967236041,4.224719101123595,3.0,4.2789077914098534,signatures/17b16c7db81a11816f0b7b13503fecb8.sig.gz,"GCF_003460605.1 Ruminococcus sp. AF31-8BH strain=AF31-8BH, ASM346060v1",17b16c7db81a11816f0b7b13503fecb8,0.1073738680465718,89000,259,306430000,/nfs3_ib/nfs-ip34/home/def-ilafores/analysis/MethodsComparison/PD/preproc/SRR19064633/SRR19064633_unmatched_2.fastq,SRR19064633,81d9c50c0a575836c40b0a98b987e901,545746000,31,DNA,1000,545746,true,0.7978903020916828,0.9305477523572356,0.8642190272244592,0.9305477523572356,376,2722484,4067213
727000,0.0013321215363923877,0.01998162609095085,0.00015941481934819495,0.0003331519642566052,15.574712643678161,14.0,14.495843386713963,signatures/aa21d6a4e240d950eb3b686e2a4fae57.sig.gz,"GCF_004793475.1 Bacteroides sp. NM69_E16B strain=NM69_E16B, ASM479347v1",aa21d6a4e240d950eb3b686e2a4fae57,0.1669728984841525,87000,260,306343000,/nfs3_ib/nfs-ip34/home/def-ilafores/analysis/MethodsComparison/PD/preproc/SRR19064633/SRR19064633_unmatched_2.fastq,SRR19064633,81d9c50c0a575836c40b0a98b987e901,545746000,31,DNA,1000,545746,true,0.8076874782734667,0.9438958226710141,0.8757916504722404,0.9438958226710141,1355,2723839,4067213
260000,0.0004764121037992033,0.02680798004987531,0.0001575824651028134,0.00002999597021350984,1.4186046511627908,1.0,0.7992018733692826,signatures/b6e57108fd8f1c6224f3bcf4be4e8644.sig.gz,"GCF_001937445.1 Actinomyces oris strain=WE8B-23, ASM193744v1",b6e57108fd8f1c6224f3bcf4be4e8644,0.08104738154613467,86000,261,306257000,/nfs3_ib/nfs-ip34/home/def-ilafores/analysis/MethodsComparison/PD/preproc/SRR19064633/SRR19064633_unmatched_2.fastq,SRR19064633,81d9c50c0a575836c40b0a98b987e901,545746000,31,DNA,1000,545746,true,0.7813365749042126,0.9221424861882724,0.8517395305462425,0.9221424861882724,122,2723961,4067213
145000,0.00026569136558032494,0.028985507246376812,0.0001575824651028134,0.00002901249578028001,1.372093023255814,1.0,0.7160374101553791,signatures/a6be66ce83fd1772452d8972fe7fcb22.sig.gz,"GCF_009695995.1 Lachnospiraceae bacterium WCA3-601-WT-6H strain=WCA3-601-WT-6H, ASM969599v1",a6be66ce83fd1772452d8972fe7fcb22,0.04887091338051904,86000,262,306171000,/nfs3_ib/nfs-ip34/home/def-ilafores/analysis/MethodsComparison/PD/preproc/SRR19064633/SRR19064633_unmatched_2.fastq,SRR19064633,81d9c50c0a575836c40b0a98b987e901,545746000,31,DNA,1000,545746,true,0.7667562713733166,0.9072172617921763,0.8369867665827464,0.9072172617921763,118,2724079,4067213
121000,0.00022171486369116768,0.02504419563936358,0.00015575011085743184,0.00002901249578028001,1.388235294117647,1.0,0.6702785662703113,signatures/b8d9b3912ab1d72c40680ab960f15ed9.sig.gz,"GCF_000269805.1 Actinomyces massiliensis 4401292 strain=4401292, ASM26980v1",b8d9b3912ab1d72c40680ab960f15ed9,0.03565114908662345,85000,263,306086000,/nfs3_ib/nfs-ip34/home/def-ilafores/analysis/MethodsComparison/PD/preproc/SRR19064633/SRR19064633_unmatched_2.fastq,SRR19064633,81d9c50c0a575836c40b0a98b987e901,545746000,31,DNA,1000,545746,true,0.7622938450720205,0.8980338242670262,0.8301638346695233,0.8980338242670262,118,2724197,4067213
351000,0.0006431563401289245,0.017543859649122806,0.00015575011085743184,0.0001000685235811353,4.788235294117647,2.0,6.615657217179932,signatures/c5daa5aac08511725698cc6eb1e88886.sig.gz,"GCA_003481775.1 Clostridiaceae bacterium OM02-2AC strain=OM02-2AC, ASM348177v1",c5daa5aac08511725698cc6eb1e88886,0.07244582043343653,85000,264,306001000,/nfs3_ib/nfs-ip34/home/def-ilafores/analysis/MethodsComparison/PD/preproc/SRR19064633/SRR19064633_unmatched_2.fastq,SRR19064633,81d9c50c0a575836c40b0a98b987e901,545746000,31,DNA,1000,545746,true,0.788937263776485,0.9188111072424686,0.8538741855094768,0.9188111072424686,407,2724604,4067213
83000,0.00015208540236666876,0.04007725736359247,0.00015208540236666876,0.000041551794803960354,2.036144578313253,2.0,1.274833163027595,signatures/9cd746cdc0661dca20e6cd66066bd6be.sig.gz,"GCA_904384255.1 Candidatus Timburyella stercoris, Chicken_2_mag_40",9cd746cdc0661dca20e6cd66066bd6be,0.04007725736359247,83000,265,305918000,/nfs3_ib/nfs-ip34/home/def-ilafores/analysis/MethodsComparison/PD/preproc/SRR19064633/SRR19064633_unmatched_2.fastq,SRR19064633,81d9c50c0a575836c40b0a98b987e901,545746000,31,DNA,1000,545746,true,0.7530807271274879,0.9014303857435036,0.8272555564354958,0.9014303857435036,169,2724773,4067213
352000,0.000644988694374306,0.039651837524177946,0.0001502530481212872,0.000035650948204581366,1.7682926829268293,1.0,1.1185659426226247,signatures/1d9d31ca166abc8218676468c8971987.sig.gz,"GCA_900542615.1 uncultured Clostridiales bacterium, UMGS474",1d9d31ca166abc8218676468c8971987,0.1702127659574468,82000,266,305836000,/nfs3_ib/nfs-ip34/home/def-ilafores/analysis/MethodsComparison/PD/preproc/SRR19064633/SRR19064633_unmatched_2.fastq,SRR19064633,81d9c50c0a575836c40b0a98b987e901,545746000,31,DNA,1000,545746,true,0.7890096699618162,0.9444811495898343,0.8667454097758253,0.9444811495898343,145,2724918,4067213
499000,0.000914344768445394,0.015291674532754389,0.00014842069387590565,0.007878367815995867,395.5925925925926,39.0,1877.3982573591716,signatures/e98f7803904fe26755ff11a8c31dc48a.sig.gz,"GCF_003865075.1 Bacteroides sp. KCTC 15687 strain=KCTC 15687, ASM386507v1",e98f7803904fe26755ff11a8c31dc48a,0.09420426656598074,81000,267,305755000,/nfs3_ib/nfs-ip34/home/def-ilafores/analysis/MethodsComparison/PD/preproc/SRR19064633/SRR19064633_unmatched_2.fastq,SRR19064633,81d9c50c0a575836c40b0a98b987e901,545746000,31,DNA,1000,545746,true,0.7979419354683338,0.9266281774435189,0.8622850564559263,0.9266281774435189,32043,2756961,4067213
88000,0.0001612471735935765,0.03576158940397351,0.00014842069387590565,0.00004646916697010951,2.3333333333333335,1.0,8.623825738636556,signatures/e4fa0f70023c25322404fa266a6cc895.sig.gz,"GCA_018364155.1 Clostridiales bacterium, ASM1836415v1",e4fa0f70023c25322404fa266a6cc895,0.038852097130242826,81000,268,305674000,/nfs3_ib/nfs-ip34/home/def-ilafores/analysis/MethodsComparison/PD/preproc/SRR19064633/SRR19064633_unmatched_2.fastq,SRR19064633,81d9c50c0a575836c40b0a98b987e901,545746000,31,DNA,1000,545746,true,0.7545031127681497,0.9005280414811387,0.8275155771246443,0.9005280414811387,189,2757150,4067213
602000,0.0011030772557196937,0.024154589371980676,0.0001465883396305241,0.0000668762614596285,3.4,3.0,1.9912307751739877,signatures/879f67ba73b6958dd8f695f03445d0d6.sig.gz,"GCA_019422935.1 Desulfovibrio sp., ASM1942293v1",879f67ba73b6958dd8f695f03445d0d6,0.1817632850241546,80000,269,305594000,/nfs3_ib/nfs-ip34/home/def-ilafores/analysis/MethodsComparison/PD/preproc/SRR19064633/SRR19064633_unmatched_2.fastq,SRR19064633,81d9c50c0a575836c40b0a98b987e901,545746000,31,DNA,1000,545746,true,0.802786741586383,0.9464836192225513,0.8746351804044672,0.9464836192225513,272,2757422,4067213
164000,0.0003005060962425744,0.01761034329023629,0.00014475598538514253,0.00008015316630823121,4.1265822784810124,2.0,6.620579898513222,signatures/d1d6a6d70e4c138da02416caa1650f88.sig.gz,"GCA_910574635.1 Oscillospiraceae bacterium, MGBC000069",d1d6a6d70e4c138da02416caa1650f88,0.036558181007579134,79000,270,305515000,/nfs3_ib/nfs-ip34/home/def-ilafores/analysis/MethodsComparison/PD/preproc/SRR19064633/SRR19064633_unmatched_2.fastq,SRR19064633,81d9c50c0a575836c40b0a98b987e901,545746000,31,DNA,1000,545746,true,0.7698079007936807,0.8987619210149058,0.8342849109042932,0.8987619210149058,326,2757748,4067213
128000,0.00023454134340883853,0.03358843537414966,0.00014475598538514253,0.00007449818831715968,3.8354430379746836,1.0,7.417786321918514,signatures/d1ba26b3ce5f166c97ee073d4610614a.sig.gz,"GCA_018710915.1 Candidatus Gallacutalibacter pullistercoris, ASM1871091v1",d1ba26b3ce5f166c97ee073d4610614a,0.05442176870748299,79000,271,305436000,/nfs3_ib/nfs-ip34/home/def-ilafores/analysis/MethodsComparison/PD/preproc/SRR19064633/SRR19064633_unmatched_2.fastq,SRR19064633,81d9c50c0a575836c40b0a98b987e901,545746000,31,DNA,1000,545746,true,0.7636780419358247,0.910371121360476,0.8370245816481503,0.910371121360476,303,2758051,4067213
208000,0.0003811296830393626,0.020123839009287926,0.000142923631139761,0.0000749899255337746,3.91025641025641,3.0,2.4764837429560433,signatures/ca9b9e1d466177d91466a832436fa4ad.sig.gz,"GCF_002159915.1 Gordonibacter sp. An230 strain=An230, ASM215991v1",ca9b9e1d466177d91466a832436fa4ad,0.053663570691434466,78000,272,305358000,/nfs3_ib/nfs-ip34/home/def-ilafores/analysis/MethodsComparison/PD/preproc/SRR19064633/SRR19064633_unmatched_2.fastq,SRR19064633,81d9c50c0a575836c40b0a98b987e901,545746000,31,DNA,1000,545746,true,0.7757325678407121,0.9099592026878416,0.8428458852642768,0.9099592026878416,305,2758356,4067213
398000,0.0007292769896618573,0.024699176694110196,0.000142923631139761,0.00006884321032608816,3.58974358974359,2.0,9.8909903284678,signatures/9395a6c49ddeded3ae11fb356cafc064.sig.gz,"GCA_900542495.1 uncultured Roseburia sp., UMGS472",9395a6c49ddeded3ae11fb356cafc064,0.1260291323622546,78000,273,305280000,/nfs3_ib/nfs-ip34/home/def-ilafores/analysis/MethodsComparison/PD/preproc/SRR19064633/SRR19064633_unmatched_2.fastq,SRR19064633,81d9c50c0a575836c40b0a98b987e901,545746000,31,DNA,1000,545746,true,0.7921418972733988,0.9353689167179158,0.8637554069956572,0.9353689167179158,280,2758636,4067213
359000,0.0006578151740919769,0.015596516102896496,0.00014109127689437945,0.00021316808340256585,11.25974025974026,8.0,9.884268752098146,signatures/20623cf363705a2786c1e2e794c70af2.sig.gz,"GCF_024623065.1 Bacteroides acidifaciens strain=DSM 15896, ASM2462306v1",20623cf363705a2786c1e2e794c70af2,0.07271622442779016,77000,274,305203000,/nfs3_ib/nfs-ip34/home/def-ilafores/analysis/MethodsComparison/PD/preproc/SRR19064633/SRR19064633_unmatched_2.fastq,SRR19064633,81d9c50c0a575836c40b0a98b987e901,545746000,31,DNA,1000,545746,true,0.7895110084406043,0.9189215357398887,0.8542162720902464,0.9189215357398887,867,2759503,4067213
83000,0.00015208540236666876,0.043161434977578475,0.00014109127689437945,0.000028520758563665093,1.5064935064935066,1.0,0.6163018450755674,signatures/433b20365f65291726ae1345a4a53a6f.sig.gz,"GCF_002998925.1 Mogibacterium diversum strain=CCUG 47132, ASM299892v1",433b20365f65291726ae1345a4a53a6f,0.04652466367713005,77000,275,305126000,/nfs3_ib/nfs-ip34/home/def-ilafores/analysis/MethodsComparison/PD/preproc/SRR19064633/SRR19064633_unmatched_2.fastq,SRR19064633,81d9c50c0a575836c40b0a98b987e901,545746000,31,DNA,1000,545746,true,0.7530807271274879,0.9057785672232456,0.8294296471753667,0.9057785672232456,116,2759619,4067213
117000,0.0002143854467096415,0.0272180982679392,0.00014109127689437945,0.00010277307827251732,5.428571428571429,4.0,5.122977450583172,signatures/2c36110cea3e641ec6c9ad945c25cf72.sig.gz,"GCA_900548465.1 uncultured Eubacterium sp., UMGS1096",2c36110cea3e641ec6c9ad945c25cf72,0.041357370095440084,77000,276,305049000,/nfs3_ib/nfs-ip34/home/def-ilafores/analysis/MethodsComparison/PD/preproc/SRR19064633/SRR19064633_unmatched_2.fastq,SRR19064633,81d9c50c0a575836c40b0a98b987e901,545746000,31,DNA,1000,545746,true,0.7614676564860737,0.9023451214525547,0.8319063889693142,0.9023451214525547,418,2760037,4067213
347000,0.0006358269231473983,0.02062975027144408,0.00013925892264899788,0.00012637646467003326,6.7631578947368425,2.0,28.819706535017733,signatures/f9be5cc1d2e4e2f448a63153f292a0b5.sig.gz,"GCF_001487165.1 Blautia massiliensis strain=GD9, Blautia massiliensis1",f9be5cc1d2e4e2f448a63153f292a0b5,0.09419109663409338,76000,277,304973000,/nfs3_ib/nfs-ip34/home/def-ilafores/analysis/MethodsComparison/PD/preproc/SRR19064633/SRR19064633_unmatched_2.fastq,SRR19064633,81d9c50c0a575836c40b0a98b987e901,545746000,31,DNA,1000,545746,true,0.7886456286633837,0.9266239983109806,0.8576348134871822,0.9266239983109806,514,2760551,4067213
112000,0.00020522367548273372,0.04491725768321513,0.00013925892264899788,0.000028274889955357635,1.513157894736842,1.0,1.1640833422486687,signatures/97f90ae6c0c4bc6e433755555ce71c3c.sig.gz,"GCA_900761965.1 Ruminococcaceae bacterium, SRS104485_23",97f90ae6c0c4bc6e433755555ce71c3c,0.06619385342789598,76000,278,304897000,/nfs3_ib/nfs-ip34/home/def-ilafores/analysis/MethodsComparison/PD/preproc/SRR19064633/SRR19064633_unmatched_2.fastq,SRR19064633,81d9c50c0a575836c40b0a98b987e901,545746000,31,DNA,1000,545746,true,0.7603956006247466,0.9161400308960076,0.8382678157603771,0.9161400308960076,115,2760666,4067213
215000,0.0003939561627570335,0.014411990776325902,0.00013742656840361634,0.00016841999669060852,9.133333333333333,3.0,15.630170255701701,signatures/a718961003eb4318907cd5b2dc2ac082.sig.gz,"GCF_002208095.1 Enterobacter cloacae complex sp. ECNIH7 strain=ECNIH7, ASM220809v1",a718961003eb4318907cd5b2dc2ac082,0.041314373558800924,75000,279,304822000,/nfs3_ib/nfs-ip34/home/def-ilafores/analysis/MethodsComparison/PD/preproc/SRR19064633/SRR19064633_unmatched_2.fastq,SRR19064633,81d9c50c0a575836c40b0a98b987e901,545746000,31,DNA,1000,545746,true,0.7765612910954192,0.9023148446431721,0.8394380678692956,0.9023148446431721,685,2761351,4067213
147000,0.000269356074071088,0.032981530343007916,0.00013742656840361634,0.00002458686083074577,1.3333333333333333,1.0,0.7363574011458174,signatures/5ed42096c336ced5adaf7a1dbd763aa9.sig.gz,"GCF_000425005.1 Solobacterium moorei DSM 22971 strain=DSM 22971, ASM42500v1",5ed42096c336ced5adaf7a1dbd763aa9,0.06464379947229551,75000,280,304747000,/nfs3_ib/nfs-ip34/home/def-ilafores/analysis/MethodsComparison/PD/preproc/SRR19064633/SRR19064633_unmatched_2.fastq,SRR19064633,81d9c50c0a575836c40b0a98b987e901,545746000,31,DNA,1000,545746,true,0.7670951744682069,0.9154400300211544,0.8412676022446806,0.9154400300211544,100,2761451,4067213
287000,0.0005258856684245052,0.025278058645096056,0.00013742656840361634,0.00012121322389557665,6.573333333333333,2.0,11.647229522747269,signatures/d7e2aba2f7241edb0c40ad4670703713.sig.gz,"GCA_021029595.1 Oscillospiraceae bacterium MH27-2 strain=MH27-2, ASM2102959v1",d7e2aba2f7241edb0c40ad4670703713,0.09673070441523424,75000,281,304672000,/nfs3_ib/nfs-ip34/home/def-ilafores/analysis/MethodsComparison/PD/preproc/SRR19064633/SRR19064633_unmatched_2.fastq,SRR19064633,81d9c50c0a575836c40b0a98b987e901,545746000,31,DNA,1000,545746,true,0.7838307574325812,0.9274195986592104,0.8556251780458959,0.9274195986592104,493,2761944,4067213
161000,0.0002950090335064297,0.020010672358591247,0.00013742656840361634,0.0004991132748641392,27.066666666666666,22.0,24.63024337859634,signatures/01dda38c26d68bbc4f8e8ebc25846a78.sig.gz,"GCF_900128475.1 Mediterranea massiliensis strain=Marseille-P2645, PRJEB18047",01dda38c26d68bbc4f8e8ebc25846a78,0.04295624332977588,75000,282,304597000,/nfs3_ib/nfs-ip34/home/def-ilafores/analysis/MethodsComparison/PD/preproc/SRR19064633/SRR19064633_unmatched_2.fastq,SRR19064633,81d9c50c0a575836c40b0a98b987e901,545746000,31,DNA,1000,545746,true,0.76934957787027,0.9034498996639958,0.8363997387671329,0.9034498996639958,2030,2763974,4067213
321000,0.0005881857127674779,0.02840466926070039,0.00013376185991285323,0.00019743249247088855,11.0,5.0,13.419470622227312,signatures/b185c78cb244679521d618c28f9f8cce.sig.gz,"GCA_019420945.1 Clostridiales bacterium, ASM1942094v1",b185c78cb244679521d618c28f9f8cce,0.12490272373540856,73000,283,304524000,/nfs3_ib/nfs-ip34/home/def-ilafores/analysis/MethodsComparison/PD/preproc/SRR19064633/SRR19064633_unmatched_2.fastq,SRR19064633,81d9c50c0a575836c40b0a98b987e901,545746000,31,DNA,1000,545746,true,0.7866667411882701,0.9350980650992223,0.8608824031437462,0.9350980650992223,803,2764777,4067213
511000,0.0009363330193899726,0.02724897349757372,0.00013376185991285323,0.00005679564851902273,3.164383561643836,2.0,3.1709887772559533,signatures/97e110f2226d14311d1b11f1aa1b33ac.sig.gz,"GCF_000269965.1 Bifidobacterium longum subsp. infantis ATCC 15697 = JCM 1222 = DSM 20088 strain=JCM 1222, ASM26996v1",97e110f2226d14311d1b11f1aa1b33ac,0.19074281448301605,73000,284,304451000,/nfs3_ib/nfs-ip34/home/def-ilafores/analysis/MethodsComparison/PD/preproc/SRR19064633/SRR19064633_unmatched_2.fastq,SRR19064633,81d9c50c0a575836c40b0a98b987e901,545746000,31,DNA,1000,545746,true,0.7985538438027833,0.947957029026869,0.8732554364148262,0.947957029026869,231,2765008,4067213
225000,0.000412279705210849,0.024846834581347857,0.00013376185991285323,0.000048436115836569166,2.6986301369863015,1.0,4.186360538920589,signatures/c7d4730d7ef725fd5e285130d735d8de.sig.gz,"GCF_020687245.1 Faecalibacterium longum CLA-AA-H243 strain=CLA-AA-H243, ASM2068724v1",c7d4730d7ef725fd5e285130d735d8de,0.07658270932607215,73000,285,304378000,/nfs3_ib/nfs-ip34/home/def-ilafores/analysis/MethodsComparison/PD/preproc/SRR19064633/SRR19064633_unmatched_2.fastq,SRR19064633,81d9c50c0a575836c40b0a98b987e901,545746000,31,DNA,1000,545746,true,0.7777009756102291,0.9204585093396939,0.8490797424749614,0.9204585093396939,197,2765205,4067213
675000,0.001236839115632547,0.0313439244310863,0.00013376185991285323,0.0005979524554037372,33.31506849315068,35.0,20.67681960145044,signatures/9873f57bc1ce2e7504544c43132060be.sig.gz,"GCF_010509075.1 Collinsella aerofaciens ATCC 25986 strain=JCM 10188, ASM1050907v1",9873f57bc1ce2e7504544c43132060be,0.2898239587805925,73000,286,304305000,/nfs3_ib/nfs-ip34/home/def-ilafores/analysis/MethodsComparison/PD/preproc/SRR19064633/SRR19064633_unmatched_2.fastq,SRR19064633,81d9c50c0a575836c40b0a98b987e901,545746000,31,DNA,1000,545746,true,0.8057561926735074,0.9608365010419757,0.8832963468577415,0.9608365010419757,2432,2767637,4067213
421000,0.000771421137305633,0.04812129202373105,0.00013376185991285323,0.0002296412801591655,12.794520547945206,12.0,7.128870309762508,signatures/3fda8f84e76a691e9eb1642a4a2ee4ee.sig.gz,"GCA_900551745.1 uncultured Phascolarctobacterium sp., UMGS1431",3fda8f84e76a691e9eb1642a4a2ee4ee,0.27752142386288725,73000,287,304232000,/nfs3_ib/nfs-ip34/home/def-ilafores/analysis/MethodsComparison/PD/preproc/SRR19064633/SRR19064633_unmatched_2.fastq,SRR19064633,81d9c50c0a575836c40b0a98b987e901,545746000,31,DNA,1000,545746,true,0.7935787856151646,0.9594930273666823,0.8765359064909235,0.9594930273666823,934,2768571,4067213
73000,0.00013376185991285323,0.030025020850708923,0.00013192950566747168,0.000026799678305512892,1.5138888888888888,1.0,1.7077686510274448,signatures/c4fbcac0397c39b6d544c3ddb8a0aa74.sig.gz,"GCA_934546985.1 uncultured Eubacteriales bacterium, ERR7745924_bin.247",c4fbcac0397c39b6d544c3ddb8a0aa74,0.030442035029190993,72000,288,304160000,/nfs3_ib/nfs-ip34/home/def-ilafores/analysis/MethodsComparison/PD/preproc/SRR19064633/SRR19064633_unmatched_2.fastq,SRR19064633,81d9c50c0a575836c40b0a98b987e901,545746000,31,DNA,1000,545746,true,0.7499684218454068,0.8934696325096648,0.8217190271775359,0.8934696325096648,109,2768680,4067213
228000,0.00041777676794699367,0.01675977653631285,0.00013192950566747168,0.00006417170676824646,3.625,2.0,5.493525229253475,signatures/24076c1a5624dfbeadaf57b02d9e55ce.sig.gz,"GCF_002161285.1 Blautia sp. An81 strain=An81, ASM216128v1",24076c1a5624dfbeadaf57b02d9e55ce,0.05307262569832402,72000,289,304088000,/nfs3_ib/nfs-ip34/home/def-ilafores/analysis/MethodsComparison/PD/preproc/SRR19064633/SRR19064633_unmatched_2.fastq,SRR19064633,81d9c50c0a575836c40b0a98b987e901,545746000,31,DNA,1000,545746,true,0.7780333313093333,0.9096342258311191,0.8438337785702261,0.9096342258311191,261,2768941,4067213
160000,0.0002931766792610482,0.022844272844272845,0.00013009715142209014,0.00006982668475931799,4.0,2.0,4.770803221710333,signatures/9279e2c3e7eb5751c7b5e614fc31b76f.sig.gz,"GCA_019415985.1 Clostridiales bacterium, ASM1941598v1",9279e2c3e7eb5751c7b5e614fc31b76f,0.05148005148005148,71000,290,304017000,/nfs3_ib/nfs-ip34/home/def-ilafores/analysis/MethodsComparison/PD/preproc/SRR19064633/SRR19064633_unmatched_2.fastq,SRR19064633,81d9c50c0a575836c40b0a98b987e901,545746000,31,DNA,1000,545746,true,0.7691949653172437,0.9087406738665129,0.8389678195918784,0.9087406738665129,284,2769225,4067213
220000,0.0004031179339839412,0.03485517918507609,0.00013009715142209014,0.0000366344226378112,2.0985915492957745,1.0,1.9221095334345897,signatures/67c65ed0334c2a6f06b9e2579342b4b1.sig.gz,"GCF_010120595.1 Streptococcus thermophilus strain=ATCC 19258, ASM1012059v1",67c65ed0334c2a6f06b9e2579342b4b1,0.10800196367206677,71000,291,303946000,/nfs3_ib/nfs-ip34/home/def-ilafores/analysis/MethodsComparison/PD/preproc/SRR19064633/SRR19064633_unmatched_2.fastq,SRR19064633,81d9c50c0a575836c40b0a98b987e901,545746000,31,DNA,1000,545746,true,0.7771374004945965,0.9307228490144138,0.8539301247545051,0.9307228490144138,149,2769374,4067213
109000,0.00019972661274658907,0.030148619957537155,0.00013009715142209014,0.00002606207248059052,1.4929577464788732,1.0,0.9173329288976778,signatures/932dc1ddeb39b0d9aba0ed056844965a.sig.gz,"GCF_001591705.1 Lactococcus lactis subsp. cremoris NBRC 100676 strain=NBRC 100676, ASM159170v1",932dc1ddeb39b0d9aba0ed056844965a,0.04628450106157112,71000,292,303875000,/nfs3_ib/nfs-ip34/home/def-ilafores/analysis/MethodsComparison/PD/preproc/SRR19064633/SRR19064633_unmatched_2.fastq,SRR19064633,81d9c50c0a575836c40b0a98b987e901,545746000,31,DNA,1000,545746,true,0.7597299085531303,0.9056273610230032,0.8326786347880668,0.9056273610230032,106,2769480,4067213
74000,0.0001355942141582348,0.025925925925925925,0.00012826479717670857,0.000024095123614130856,1.4,1.0,1.0474458731327632,signatures/ac8fa47e757bb4e34a0c032e4438e0f6.sig.gz,"GCA_904379015.1 Candidatus Paralachnospira caecorum, Chicken_16_mag_14",ac8fa47e757bb4e34a0c032e4438e0f6,0.027407407407407408,70000,293,303805000,/nfs3_ib/nfs-ip34/home/def-ilafores/analysis/MethodsComparison/PD/preproc/SRR19064633/SRR19064633_unmatched_2.fastq,SRR19064633,81d9c50c0a575836c40b0a98b987e901,545746000,31,DNA,1000,545746,true,0.7502976492297049,0.8904481659355765,0.8203729075826407,0.8904481659355765,98,2769578,4067213
502000,0.0009198418311815387,0.027037466203167246,0.00012826479717670857,0.00004204353202057527,2.442857142857143,2.0,1.661631850971588,signatures/7509b1adea1da65ffd5eb7123f66ed3c.sig.gz,"GCA_904420095.1 uncultured Clostridia bacterium, Coassembly_mag_111",7509b1adea1da65ffd5eb7123f66ed3c,0.19389725762842797,70000,294,303735000,/nfs3_ib/nfs-ip34/home/def-ilafores/analysis/MethodsComparison/PD/preproc/SRR19064633/SRR19064633_unmatched_2.fastq,SRR19064633,81d9c50c0a575836c40b0a98b987e901,545746000,31,DNA,1000,545746,true,0.798096236935835,0.9484587355716517,0.8732774862537434,0.9484587355716517,171,2769749,4067213
302000,0.0005533709821052285,0.01617440225035162,0.00012643244293132703,0.00006540104980978375,3.8550724637681157,2.0,4.822277296888093,signatures/42376fc7bac6559b7e2e6533917b614b.sig.gz,"GCF_000169255.2 Pseudoflavonifractor capillosus ATCC 29799 strain=ATCC 29799, ASM16925v2",42376fc7bac6559b7e2e6533917b614b,0.07079231129864041,69000,295,303666000,/nfs3_ib/nfs-ip34/home/def-ilafores/analysis/MethodsComparison/PD/preproc/SRR19064633/SRR19064633_unmatched_2.fastq,SRR19064633,81d9c50c0a575836c40b0a98b987e901,545746000,31,DNA,1000,545746,true,0.7851199487952264,0.9181270380033426,0.8516234933992846,0.9181270380033426,266,2770015,4067213
478000,0.0008758653292923814,0.019279128248113998,0.00012643244293132703,0.00009564288863160105,5.63768115942029,5.0,3.459793972641043,signatures/e10a6daf2b20df057b3f9f1ce4135078.sig.gz,"GCF_018919065.1 Blautia sp. MSJ-9 strain=MSJ-9, ASM1891906v1",e10a6daf2b20df057b3f9f1ce4135078,0.13355685945794915,69000,296,303597000,/nfs3_ib/nfs-ip34/home/def-ilafores/analysis/MethodsComparison/PD/preproc/SRR19064633/SRR19064633_unmatched_2.fastq,SRR19064633,81d9c50c0a575836c40b0a98b987e901,545746000,31,DNA,1000,545746,true,0.7968359992484838,0.9371210295504053,0.8669785143994446,0.9371210295504053,389,2770404,4067213
1025000,0.00187816310151609,0.01593901593901594,0.00012643244293132703,0.00008531640708268782,5.028985507246377,4.0,3.7724055850797233,signatures/dfba4b67e6f610d874569736a21fd762.sig.gz,"GCA_021307345.1 Escherichia coli strain=E69, ASM2130734v1",dfba4b67e6f610d874569736a21fd762,0.23677523677523676,69000,297,303528000,/nfs3_ib/nfs-ip34/home/def-ilafores/analysis/MethodsComparison/PD/preproc/SRR19064633/SRR19064633_unmatched_2.fastq,SRR19064633,81d9c50c0a575836c40b0a98b987e901,545746000,31,DNA,1000,545746,true,0.8166875086349259,0.9545909205916446,0.8856392146132852,0.9545909205916446,347,2770751,4067213
113000,0.00020705602972811526,0.026792750197005517,0.0001246000886859455,0.000056058042694100355,3.3529411764705883,3.0,3.3155813343628124,signatures/2af3fc176ebb95725e25c5875fb66d20.sig.gz,"GCA_930990965.1 uncultured Clostridia bacterium, ERR3414582_bin.62_metaWRAP_v1.1_MAG",2af3fc176ebb95725e25c5875fb66d20,0.04452324665090623,68000,298,303460000,/nfs3_ib/nfs-ip34/home/def-ilafores/analysis/MethodsComparison/PD/preproc/SRR19064633/SRR19064633_unmatched_2.fastq,SRR19064633,81d9c50c0a575836c40b0a98b987e901,545746000,31,DNA,1000,545746,true,0.7606136679040444,0.9044947004913322,0.8325541841976882,0.9044947004913322,228,2770979,4067213
1054000,0.0019313013746321548,0.02662490211433046,0.0001246000886859455,0.00040715841535714995,24.352941176470587,13.0,30.113395839668097,signatures/fbc6cd1f096b1acd18d96b95d5e0a0a8.sig.gz,"GCA_019414665.1 Bacteroides sp., ASM1941466v1",fbc6cd1f096b1acd18d96b95d5e0a0a8,0.41268598277212215,68000,299,303392000,/nfs3_ib/nfs-ip34/home/def-ilafores/analysis/MethodsComparison/PD/preproc/SRR19064633/SRR19064633_unmatched_2.fastq,SRR19064633,81d9c50c0a575836c40b0a98b987e901,545746000,31,DNA,1000,545746,true,0.8174228539662698,0.9718531263044227,0.8946379901353463,0.9718531263044227,1656,2772635,4067213
358000,0.0006559828198465953,0.019790104947526237,0.00012093538019518238,0.00033979041668090655,20.939393939393938,15.0,28.615994038023665,signatures/853f171c0393206ce274892b71b6f556.sig.gz,"GCF_900209925.1 Anaerobutyricum hallii, EH1",853f171c0393206ce274892b71b6f556,0.10734632683658171,66000,300,303326000,/nfs3_ib/nfs-ip34/home/def-ilafores/analysis/MethodsComparison/PD/preproc/SRR19064633/SRR19064633_unmatched_2.fastq,SRR19064633,81d9c50c0a575836c40b0a98b987e901,545746000,31,DNA,1000,545746,true,0.7894399708735896,0.9305400519215914,0.8599900113975905,0.9305400519215914,1382,2774017,4067213
892000,0.0016344599868803435,0.01173750666903788,0.00012093538019518238,0.00011531237729619767,7.106060606060606,6.0,3.9738874481887825,signatures/b4482d10cb2488078dd11fc3de09368a.sig.gz,"GCF_009193295.2 Bacteroides sp. HF-5141 strain=HF-5141, ASM919329v2",b4482d10cb2488078dd11fc3de09368a,0.15863418104214833,66000,301,303260000,/nfs3_ib/nfs-ip34/home/def-ilafores/analysis/MethodsComparison/PD/preproc/SRR19064633/SRR19064633_unmatched_2.fastq,SRR19064633,81d9c50c0a575836c40b0a98b987e901,545746000,31,DNA,1000,545746,true,0.8130342631651343,0.942337225267533,0.8776857442163337,0.942337225267533,469,2774486,4067213
808000,0.0014805422302682932,0.010256410256410256,0.00012093538019518238,0.00010326481548913224,6.363636363636363,5.0,6.006653794515089,signatures/fdbda2dfede13d920e72856d1947f205.sig.gz,"GCF_005845215.1 Clostridium sp. 1001271st1 H5 strain=1001271st1_H5, ASM584521v1",fdbda2dfede13d920e72856d1947f205,0.12556332556332556,66000,302,303194000,/nfs3_ib/nfs-ip34/home/def-ilafores/analysis/MethodsComparison/PD/preproc/SRR19064633/SRR19064633_unmatched_2.fastq,SRR19064633,81d9c50c0a575836c40b0a98b987e901,545746000,31,DNA,1000,545746,true,0.8104444482859691,0.9352571959275034,0.8728508221067363,0.9352571959275034,420,2774906,4067213
277000,0.0005075621259706896,0.033367037411526794,0.00012093538019518238,0.00002360338639751594,1.4545454545454546,1.0,0.7820295697311477,signatures/719c218931e9d212bed047a987795da2.sig.gz,"GCA_905188195.1 Streptococcus parasanguinis, SRR413738-mag-bin.5",719c218931e9d212bed047a987795da2,0.14004044489383216,66000,303,303128000,/nfs3_ib/nfs-ip34/home/def-ilafores/analysis/MethodsComparison/PD/preproc/SRR19064633/SRR19064633_unmatched_2.fastq,SRR19064633,81d9c50c0a575836c40b0a98b987e901,545746000,31,DNA,1000,545746,true,0.7829345498433837,0.9385551341236584,0.8607448419835211,0.9385551341236584,96,2775002,4067213
309000,0.0005661974618228993,0.012350370511115333,0.00011910302594980082,0.000023849255005823398,1.4923076923076923,1.0,0.8250515494025799,signatures/b9d758e1ad0a5911eeaa11de34742296.sig.gz,"GCA_000509105.1 Clostridiales bacterium VE202-21 strain=VE202-21, ASM50910v1",b9d758e1ad0a5911eeaa11de34742296,0.058711761352840584,65000,304,303063000,/nfs3_ib/nfs-ip34/home/def-ilafores/analysis/MethodsComparison/PD/preproc/SRR19064633/SRR19064633_unmatched_2.fastq,SRR19064633,81d9c50c0a575836c40b0a98b987e901,545746000,31,DNA,1000,545746,true,0.785700500178981,0.9126020818107118,0.8491512909948464,0.9126020818107118,97,2775099,4067213
181000,0.0003316561184140607,0.029666818804198997,0.00011910302594980082,0.000044993955320264763,2.8153846153846156,2.0,1.9759500748310557,signatures/6c0e8a21b314128805517d443dd4e17e.sig.gz,"GCF_900128465.1 Actinomyces bouchesdurhonensis strain=Marseille-P2825, PRJEB18045",6c0e8a21b314128805517d443dd4e17e,0.08261068005476951,65000,305,302998000,/nfs3_ib/nfs-ip34/home/def-ilafores/analysis/MethodsComparison/PD/preproc/SRR19064633/SRR19064633_unmatched_2.fastq,SRR19064633,81d9c50c0a575836c40b0a98b987e901,545746000,31,DNA,1000,545746,true,0.7722610469640651,0.9227109697180023,0.8474860083410336,0.9227109697180023,183,2775282,4067213
181000,0.0003316561184140607,0.02075900097307817,0.00011727067170441927,0.0012620435664421805,80.203125,1.0,139.01429554270447,signatures/8ea4390e99e77892dbdd0deda0feb041.sig.gz,"GCF_018847375.1 Akkermansia muciniphila strain=Akk1573, ASM1884737v1",8ea4390e99e77892dbdd0deda0feb041,0.0587090496269867,64000,306,302934000,/nfs3_ib/nfs-ip34/home/def-ilafores/analysis/MethodsComparison/PD/preproc/SRR19064633/SRR19064633_unmatched_2.fastq,SRR19064633,81d9c50c0a575836c40b0a98b987e901,545746000,31,DNA,1000,545746,true,0.7722610469640651,0.9126007220886638,0.8424308845263644,0.9126007220886638,5133,2780415,4067213
176000,0.000322494347187153,0.019838809671419714,0.00011727067170441927,0.0001900564342216648,12.078125,9.5,10.580501948602201,signatures/ee3ee74bb22a2bc5e87b48390e19918a.sig.gz,"GCA_018223365.1 Clostridiaceae bacterium Marseille-Q4145 strain=Marseille-Q4145, ASM1822336v1",ee3ee74bb22a2bc5e87b48390e19918a,0.05455672659640422,64000,307,302870000,/nfs3_ib/nfs-ip34/home/def-ilafores/analysis/MethodsComparison/PD/preproc/SRR19064633/SRR19064633_unmatched_2.fastq,SRR19064633,81d9c50c0a575836c40b0a98b987e901,545746000,31,DNA,1000,545746,true,0.7715635113134633,0.9104438594374016,0.8410036853754325,0.9104438594374016,773,2781188,4067213
365000,0.0006688092995642661,0.014811386253182134,0.00011727067170441927,0.0004430552321700388,28.15625,11.0,37.38240677026427,signatures/4fede25466357d8494c5b32e1ffd6afe.sig.gz,"GCF_000187895.1 Bacteroides plebeius DSM 17135 strain=DSM 17135, ASM18789v1",4fede25466357d8494c5b32e1ffd6afe,0.08447118722517935,64000,308,302806000,/nfs3_ib/nfs-ip34/home/def-ilafores/analysis/MethodsComparison/PD/preproc/SRR19064633/SRR19064633_unmatched_2.fastq,SRR19064633,81d9c50c0a575836c40b0a98b987e901,545746000,31,DNA,1000,545746,true,0.789933254132487,0.9233741169793179,0.8566536855559025,0.9233741169793179,1802,2782990,4067213
520000,0.0009528242075984066,0.015243164771352529,0.00011543831745903772,0.0000890044362072997,5.746031746031746,3.0,7.228620922654379,signatures/8b9ee0a99cd55cb9745bc8ab38febfb2.sig.gz,"GCA_000285855.2 Ruminococcus sp. JC304, ASM28585v2",8b9ee0a99cd55cb9745bc8ab38febfb2,0.12581659811275103,63000,309,302743000,/nfs3_ib/nfs-ip34/home/def-ilafores/analysis/MethodsComparison/PD/preproc/SRR19064633/SRR19064633_unmatched_2.fastq,SRR19064633,81d9c50c0a575836c40b0a98b987e901,545746000,31,DNA,1000,545746,true,0.7990037165505749,0.9353179913882467,0.8671608539694108,0.9353179913882467,362,2783352,4067213
67000,0.00012276773444056392,0.029384328358208957,0.00011543831745903772,0.000020898831706133904,1.3492063492063493,1.0,0.6463261292540423,signatures/597c61cf1628d4d9b7a79dd94f4d7ffe.sig.gz,"GCA_904419775.1 Candidatus Pararuminococcus gallinarum, Chicken_5_mag_108",597c61cf1628d4d9b7a79dd94f4d7ffe,0.03125,63000,310,302680000,/nfs3_ib/nfs-ip34/home/def-ilafores/analysis/MethodsComparison/PD/preproc/SRR19064633/SRR19064633_unmatched_2.fastq,SRR19064633,81d9c50c0a575836c40b0a98b987e901,545746000,31,DNA,1000,545746,true,0.7478963731205523,0.8942249331776564,0.8210606531491044,0.8942249331776564,85,2783437,4067213
238000,0.00043610031040080914,0.02406417112299465,0.00011543831745903772,0.0001290810193614153,8.333333333333334,6.0,6.973874148199166,signatures/ec615687b7260b056e987ec1e0e641b4.sig.gz,"GCA_900541985.1 uncultured Blautia sp., UMGS412",ec615687b7260b056e987ec1e0e641b4,0.09090909090909091,63000,311,302617000,/nfs3_ib/nfs-ip34/home/def-ilafores/analysis/MethodsComparison/PD/preproc/SRR19064633/SRR19064633_unmatched_2.fastq,SRR19064633,81d9c50c0a575836c40b0a98b987e901,545746000,31,DNA,1000,545746,true,0.779111403836872,0.9255644971545982,0.8523379504957351,0.9255644971545982,525,2783962,4067213
397000,0.0007274446354164758,0.027915353444394417,0.00011360596321365617,0.00023750907562500415,15.580645161290322,14.0,8.093303458668126,signatures/625436757e4cbcd9aabce3bafbf04749.sig.gz,"GCA_018265835.1 Oscillospiraceae bacterium, ASM1826583v1",625436757e4cbcd9aabce3bafbf04749,0.17874831157136425,62000,312,302555000,/nfs3_ib/nfs-ip34/home/def-ilafores/analysis/MethodsComparison/PD/preproc/SRR19064633/SRR19064633_unmatched_2.fastq,SRR19064633,81d9c50c0a575836c40b0a98b987e901,545746000,31,DNA,1000,545746,true,0.7920776156605933,0.9459730688201496,0.8690253422403715,0.9459730688201496,966,2784928,4067213
375000,0.0006871328420180817,0.01987179487179487,0.00011360596321365617,0.0001494881138509343,9.806451612903226,8.0,8.639442017670524,signatures/4d3db7fd930594f48ed3dbf85df5e0cf.sig.gz,"GCA_900169975.1 Pseudoflavonifractor sp. Marseille-P3106 strain=Marseille-P3106, PRJEB20005",4d3db7fd930594f48ed3dbf85df5e0cf,0.1201923076923077,62000,313,302493000,/nfs3_ib/nfs-ip34/home/def-ilafores/analysis/MethodsComparison/PD/preproc/SRR19064633/SRR19064633_unmatched_2.fastq,SRR19064633,81d9c50c0a575836c40b0a98b987e901,545746000,31,DNA,1000,545746,true,0.7906222914764686,0.9339391958230535,0.862280743649761,0.9339391958230535,608,2785536,4067213
295000,0.0005405445023875576,0.016260162601626018,0.00011360596321365617,0.00007572753135869698,4.967741935483871,2.5,5.538626072602517,signatures/218cc569baedbe40faa2de500834cd4e.sig.gz,"GCF_002161215.1 Flavonifractor sp. An10 strain=An10, ASM216121v1",218cc569baedbe40faa2de500834cd4e,0.07736690270128507,62000,314,302431000,/nfs3_ib/nfs-ip34/home/def-ilafores/analysis/MethodsComparison/PD/preproc/SRR19064633/SRR19064633_unmatched_2.fastq,SRR19064633,81d9c50c0a575836c40b0a98b987e901,545746000,31,DNA,1000,545746,true,0.7845262260809911,0.9207610558932352,0.8526436409871132,0.9207610558932352,308,2785844,4067213
164000,0.0003005060962425744,0.025524907369287773,0.00011360596321365617,0.00042805724706328386,28.080645161290324,18.5,55.971853060870124,signatures/1e4926959ff0e2d8af92b601667c7d7f.sig.gz,"GCF_020735465.1 Collinsella stercoris DSM 13279 strain=FDAARGOS_1572, ASM2073546v1",1e4926959ff0e2d8af92b601667c7d7f,0.0675174969123096,62000,315,302369000,/nfs3_ib/nfs-ip34/home/def-ilafores/analysis/MethodsComparison/PD/preproc/SRR19064633/SRR19064633_unmatched_2.fastq,SRR19064633,81d9c50c0a575836c40b0a98b987e901,545746000,31,DNA,1000,545746,true,0.7698079007936807,0.9167253406962891,0.8432666207449848,0.9167253406962891,1741,2787585,4067213
68000,0.0001246000886859455,0.02380038387715931,0.00011360596321365617,0.00002016122588121153,1.3225806451612903,1.0,0.6903527277107321,signatures/820f036228edcf48688336d51bb45074.sig.gz,"GCA_930989305.1 uncultured Roseburia sp., ERR3414587_bin.9_metaWRAP_v1.1_MAG",820f036228edcf48688336d51bb45074,0.026103646833013437,62000,316,302307000,/nfs3_ib/nfs-ip34/home/def-ilafores/analysis/MethodsComparison/PD/preproc/SRR19064633/SRR19064633_unmatched_2.fastq,SRR19064633,81d9c50c0a575836c40b0a98b987e901,545746000,31,DNA,1000,545746,true,0.7482538827006423,0.8890493006756738,0.818651591688158,0.8890493006756738,82,2787667,4067213
315000,0.0005771915872951886,0.02772727272727273,0.00011177360896827461,0.00011826280059588717,7.885245901639344,6.0,8.537474500176955,signatures/1710769024370124a31fd7d5794f732b.sig.gz,"GCF_003472385.1 Sutterella sp. AM11-39 strain=AM11-39, ASM347238v1",1710769024370124a31fd7d5794f732b,0.1431818181818182,61000,317,302246000,/nfs3_ib/nfs-ip34/home/def-ilafores/analysis/MethodsComparison/PD/preproc/SRR19064633/SRR19064633_unmatched_2.fastq,SRR19064633,81d9c50c0a575836c40b0a98b987e901,545746000,31,DNA,1000,545746,true,0.7861880736806698,0.9392270168291267,0.8627075452548982,0.9392270168291267,481,2788148,4067213
256000,0.00046908268681767706,0.026079521162890123,0.00011177360896827461,0.000034913342379658996,2.3278688524590163,2.0,1.533466142120468,signatures/0a04039a2950d69949f7ef5c6f105db6.sig.gz,"GCF_002847525.1 Schaalia odontolytica strain=UMB0018, ASM284752v1",0a04039a2950d69949f7ef5c6f105db6,0.10944848225737494,61000,318,302185000,/nfs3_ib/nfs-ip34/home/def-ilafores/analysis/MethodsComparison/PD/preproc/SRR19064633/SRR19064633_unmatched_2.fastq,SRR19064633,81d9c50c0a575836c40b0a98b987e901,545746000,31,DNA,1000,545746,true,0.7809458988011594,0.9311223814084132,0.8560341401047863,0.9311223814084132,142,2788290,4067213
424000,0.0007769182000417777,0.01366181410974244,0.00011177360896827461,0.000168665865298916,11.245901639344263,1.0,15.211789795326863,signatures/a65db27ac6f6490cca7eeb016c93eea7.sig.gz,"GCF_000382445.1 Bacteroides massiliensis B84634 = Timone 84634 = DSM 17679 = JCM 13223 strain=DSM 17679, Bact_mass_DSM_17679_V1",a65db27ac6f6490cca7eeb016c93eea7,0.09496080627099664,61000,319,302124000,/nfs3_ib/nfs-ip34/home/def-ilafores/analysis/MethodsComparison/PD/preproc/SRR19064633/SRR19064633_unmatched_2.fastq,SRR19064633,81d9c50c0a575836c40b0a98b987e901,545746000,31,DNA,1000,545746,true,0.793760577486759,0.9268673013098402,0.8603139393982996,0.9268673013098402,686,2788976,4067213
175000,0.0003206619929417715,0.01100884316910305,0.00011177360896827461,0.00005900846599378985,3.9344262295081966,3.0,3.197687958094848,signatures/44bedd584c68edd8e3fa32b9d28690dc.sig.gz,"GCF_000025565.1 Enterobacter cloacae subsp. cloacae ATCC 13047 strain=ATCC 13047, ASM2556v1",44bedd584c68edd8e3fa32b9d28690dc,0.03158274679660711,61000,320,302063000,/nfs3_ib/nfs-ip34/home/def-ilafores/analysis/MethodsComparison/PD/preproc/SRR19064633/SRR19064633_unmatched_2.fastq,SRR19064633,81d9c50c0a575836c40b0a98b987e901,545746000,31,DNA,1000,545746,true,0.7714217054695915,0.8945305105329076,0.8329761080012495,0.8945305105329076,240,2789216,4067213
252000,0.0004617532698361509,0.026991150442477876,0.00011177360896827461,0.00004523982392857222,3.0163934426229506,2.0,2.0763445438739283,signatures/1cb46b57ae0c06dfc434d4a3cef5c01d.sig.gz,"GCF_000770925.1 Bifidobacterium ruminantium DSM 6489 strain=DSM 6489, DSM-6489",1cb46b57ae0c06dfc434d4a3cef5c01d,0.11150442477876106,61000,321,302002000,/nfs3_ib/nfs-ip34/home/def-ilafores/analysis/MethodsComparison/PD/preproc/SRR19064633/SRR19064633_unmatched_2.fastq,SRR19064633,81d9c50c0a575836c40b0a98b987e901,545746000,31,DNA,1000,545746,true,0.7805492700464146,0.9316815325528959,0.8561154012996552,0.9316815325528959,184,2789400,4067213
139000,0.00025469724010803563,0.01789906103286385,0.00011177360896827461,0.00006515518120147629,4.344262295081967,2.0,6.132111785314643,signatures/41c0446ab1f6aec2015d74ddd6e8b60b.sig.gz,"GCA_000158655.1 [Clostridium] methylpentosum DSM 5476 strain=DSM 5476, ASM15865v1",41c0446ab1f6aec2015d74ddd6e8b60b,0.04078638497652582,61000,322,301941000,/nfs3_ib/nfs-ip34/home/def-ilafores/analysis/MethodsComparison/PD/preproc/SRR19064633/SRR19064633_unmatched_2.fastq,SRR19064633,81d9c50c0a575836c40b0a98b987e901,545746000,31,DNA,1000,545746,true,0.7657117262879175,0.9019405447873559,0.8338261355376366,0.9019405447873559,265,2789665,4067213
285000,0.0005222209599337421,0.01595605545383207,0.00011177360896827461,0.00007277710805900749,4.852459016393443,5.0,2.751071717091839,signatures/b7ef59f753d43f9de83e8f0372529c7f.sig.gz,"GCA_934371575.1 uncultured Blautia sp., ERR7738559_bin.137",b7ef59f753d43f9de83e8f0372529c7f,0.07454878367774,61000,323,301880000,/nfs3_ib/nfs-ip34/home/def-ilafores/analysis/MethodsComparison/PD/preproc/SRR19064633/SRR19064633_unmatched_2.fastq,SRR19064633,81d9c50c0a575836c40b0a98b987e901,545746000,31,DNA,1000,545746,true,0.7836539594291928,0.919659613235871,0.851656786332532,0.919659613235871,296,2789961,4067213
160000,0.0002931766792610482,0.010946907498631636,0.00010994125472289307,0.0001295727565780302,8.783333333333333,8.0,5.157814998190179,signatures/d88f3c512ece432b111f094181484852.sig.gz,"GCF_000742135.1 Klebsiella pneumoniae strain=ATCC 13883, ASM74213v1",d88f3c512ece432b111f094181484852,0.029191753329684364,60000,324,301820000,/nfs3_ib/nfs-ip34/home/def-ilafores/analysis/MethodsComparison/PD/preproc/SRR19064633/SRR19064633_unmatched_2.fastq,SRR19064633,81d9c50c0a575836c40b0a98b987e901,545746000,31,DNA,1000,545746,true,0.7691949653172437,0.8922617255417252,0.8307283454294845,0.8922617255417252,527,2790488,4067213
326000,0.0005973474839943857,0.03252480705622933,0.00010810890047751151,0.00003638855402950374,2.5084745762711864,2.0,2.19686125369758,signatures/b9276e40938d39097ba06d5a6717a1d0.sig.gz,"GCA_904391645.1 uncultured Neglecta sp, Chicken_7_mag_124",b9276e40938d39097ba06d5a6717a1d0,0.17971334068357223,59000,325,301761000,/nfs3_ib/nfs-ip34/home/def-ilafores/analysis/MethodsComparison/PD/preproc/SRR19064633/SRR19064633_unmatched_2.fastq,SRR19064633,81d9c50c0a575836c40b0a98b987e901,545746000,31,DNA,1000,545746,true,0.7870590623480977,0.9461373862193986,0.8665982242837482,0.9461373862193986,148,2790636,4067213
59000,0.00010810890047751151,0.036307692307692305,0.00010810890047751151,0.0000366344226378112,2.5254237288135593,1.0,8.505941955437239,signatures/69aa43b7593558174f65df6065488855.sig.gz,"GCA_900541485.1 uncultured Dialister sp., UMGS359",69aa43b7593558174f65df6065488855,0.036307692307692305,59000,326,301702000,/nfs3_ib/nfs-ip34/home/def-ilafores/analysis/MethodsComparison/PD/preproc/SRR19064633/SRR19064633_unmatched_2.fastq,SRR19064633,81d9c50c0a575836c40b0a98b987e901,545746000,31,DNA,1000,545746,true,0.744834949778697,0.8985626103759744,0.8216987800773357,0.8985626103759744,149,2790785,4067213
138000,0.00025286488586265406,0.021237641889417794,0.00010627654623212996,0.00006171302068517189,4.327586206896552,4.0,3.126019453215017,signatures/ba138d9cdd980f30b5099f12280241df.sig.gz,"GCA_900546615.1 uncultured Clostridiales bacterium, UMGS897",ba138d9cdd980f30b5099f12280241df,0.05053094104723545,58000,327,301644000,/nfs3_ib/nfs-ip34/home/def-ilafores/analysis/MethodsComparison/PD/preproc/SRR19064633/SRR19064633_unmatched_2.fastq,SRR19064633,81d9c50c0a575836c40b0a98b987e901,545746000,31,DNA,1000,545746,true,0.7655334041992025,0.9081953428077619,0.8368643735034822,0.9081953428077619,251,2791036,4067213
101000,0.00018506777878353665,0.013701866288684148,0.00010627654623212996,0.000156864172100158,11.0,11.0,6.4031242374328485,signatures/6c094dfa05d4c971f0c9e77a41b58f66.sig.gz,"GCA_910584195.1 uncultured Ruminococcus sp., MGBC117665",6c094dfa05d4c971f0c9e77a41b58f66,0.023860146468225846,58000,328,301586000,/nfs3_ib/nfs-ip34/home/def-ilafores/analysis/MethodsComparison/PD/preproc/SRR19064633/SRR19064633_unmatched_2.fastq,SRR19064633,81d9c50c0a575836c40b0a98b987e901,545746000,31,DNA,1000,545746,true,0.75786406771038,0.8864757798303952,0.8221699237703876,0.8864757798303952,638,2791674,4067213
863000,0.0015813217137642787,0.013217866909753875,0.00010627654623212996,0.00007081015919254782,4.9655172413793105,4.0,4.593719540331123,signatures/25b34dd87c6b4bbf7d36e3fcfbbf0b67.sig.gz,"GCF_011881725.1 Escherichia coli strain=SCPM-O-B-8794, ASM1188172v1",25b34dd87c6b4bbf7d36e3fcfbbf0b67,0.19667274384685507,58000,329,301528000,/nfs3_ib/nfs-ip34/home/def-ilafores/analysis/MethodsComparison/PD/preproc/SRR19064633/SRR19064633_unmatched_2.fastq,SRR19064633,81d9c50c0a575836c40b0a98b987e901,545746000,31,DNA,1000,545746,true,0.8121678878630938,0.9488936800337093,0.8805307839484016,0.9488936800337093,288,2791962,4067213
379000,0.0006944622589996079,0.014481897627965043,0.00010627654623212996,0.00006171302068517189,4.327586206896552,3.0,3.988725191882925,signatures/2a410b832a719fa88b97ddf5d0e066c5.sig.gz,"GCF_003461245.1 Blautia sp. AF19-10LB strain=AF19-10LB, ASM346124v1",2a410b832a719fa88b97ddf5d0e066c5,0.09463171036204744,58000,330,301470000,/nfs3_ib/nfs-ip34/home/def-ilafores/analysis/MethodsComparison/PD/preproc/SRR19064633/SRR19064633_unmatched_2.fastq,SRR19064633,81d9c50c0a575836c40b0a98b987e901,545746000,31,DNA,1000,545746,true,0.7908929392136007,0.9267635094548913,0.858828224334246,0.9267635094548913,251,2792213,4067213
639000,0.001170874362798811,0.02120658135283364,0.00010627654623212996,0.00010719871322205157,7.517241379310345,7.0,5.360266910847735,signatures/96f02f06eff0e4ab33b4bafa6ab86a70.sig.gz,"GCA_019118935.1 Candidatus Oscillibacter pullicola, ASM1911893v1",96f02f06eff0e4ab33b4bafa6ab86a70,0.2336380255941499,58000,331,301412000,/nfs3_ib/nfs-ip34/home/def-ilafores/analysis/MethodsComparison/PD/preproc/SRR19064633/SRR19064633_unmatched_2.fastq,SRR19064633,81d9c50c0a575836c40b0a98b987e901,545746000,31,DNA,1000,545746,true,0.8043328681728968,0.9541802791190964,0.8792565736459966,0.9541802791190964,436,2792649,4067213
301000,0.0005515386278598469,0.020640569395017794,0.00010627654623212996,0.000020898831706133904,1.4655172413793103,1.0,0.7001358794567917,signatures/409494dbcb6adeb2e2fab2386f970cd8.sig.gz,"GCA_900315735.1 uncultured Lachnospiraceae bacterium, Rumen uncultured genome RUG115",409494dbcb6adeb2e2fab2386f970cd8,0.10711743772241993,58000,332,301354000,/nfs3_ib/nfs-ip34/home/def-ilafores/analysis/MethodsComparison/PD/preproc/SRR19064633/SRR19064633_unmatched_2.fastq,SRR19064633,81d9c50c0a575836c40b0a98b987e901,545746000,31,DNA,1000,545746,true,0.7850359517193992,0.9304759811729025,0.8577559664461509,0.9304759811729025,85,2792734,4067213
64000,0.00011727067170441927,0.026623073330219522,0.00010444419198674842,0.00001721080258152204,1.2280701754385965,1.0,0.6217559700585737,signatures/ca00d6825ab958a4451285bec646a754.sig.gz,"GCA_900761075.1 Christensenellaceae bacterium, SRS042628_64",ca00d6825ab958a4451285bec646a754,0.029892573563755253,57000,333,301297000,/nfs3_ib/nfs-ip34/home/def-ilafores/analysis/MethodsComparison/PD/preproc/SRR19064633/SRR19064633_unmatched_2.fastq,SRR19064633,81d9c50c0a575836c40b0a98b987e901,545746000,31,DNA,1000,545746,true,0.7467920026601328,0.8929448211044475,0.8198684118822901,0.8929448211044475,70,2792804,4067213
152000,0.00027851784529799576,0.022426912294753704,0.00010261183774136686,0.00004007658315411561,2.9107142857142856,2.0,3.135492588973893,signatures/e3176c1ce89f911896c5721e9a10c8d4.sig.gz,"GCA_900543085.1 uncultured Clostridiales bacterium, UMGS530",e3176c1ce89f911896c5721e9a10c8d4,0.06087304765718863,56000,334,301241000,/nfs3_ib/nfs-ip34/home/def-ilafores/analysis/MethodsComparison/PD/preproc/SRR19064633/SRR19064633_unmatched_2.fastq,SRR19064633,81d9c50c0a575836c40b0a98b987e901,545746000,31,DNA,1000,545746,true,0.7679232904589542,0.9136669272779715,0.8407951088684629,0.9136669272779715,163,2792967,4067213
567000,0.0010389448571313394,0.02768166089965398,0.00010261183774136686,0.00031323660698370114,22.75,19.0,14.642465151547594,signatures/67ff6aa4aefa5332d75476550be7a291.sig.gz,"GCA_905215855.1 uncultured bacterium, SRR413702-mag-bin.4",67ff6aa4aefa5332d75476550be7a291,0.28027681660899656,56000,335,301185000,/nfs3_ib/nfs-ip34/home/def-ilafores/analysis/MethodsComparison/PD/preproc/SRR19064633/SRR19064633_unmatched_2.fastq,SRR19064633,81d9c50c0a575836c40b0a98b987e901,545746000,31,DNA,1000,545746,true,0.8012370961502414,0.9597988638097975,0.8805179799800195,0.9597988638097975,1274,2794241,4067213
88000,0.0001612471735935765,0.020014295925661188,0.00010261183774136686,0.00010621523878882174,7.714285714285714,2.0,12.048583624100331,signatures/39804c9d785aa89a4ece4b5d2fbde829.sig.gz,"GCF_002160515.1 Anaeromassilibacillus sp. An172 strain=An172, ASM216051v1",39804c9d785aa89a4ece4b5d2fbde829,0.031451036454610434,56000,336,301129000,/nfs3_ib/nfs-ip34/home/def-ilafores/analysis/MethodsComparison/PD/preproc/SRR19064633/SRR19064633_unmatched_2.fastq,SRR19064633,81d9c50c0a575836c40b0a98b987e901,545746000,31,DNA,1000,545746,true,0.7545031127681497,0.8944099288550945,0.8244565208116221,0.8944099288550945,432,2794673,4067213
707000,0.0012954744514847567,0.027184466019417475,0.00010261183774136686,0.0006608948191304463,48.0,47.0,23.21714268134032,signatures/eae08d14b61a36651178baf95b9bdf5a.sig.gz,"GCA_905215755.1 uncultured bacterium, SRR5519177-mag-bin.36",eae08d14b61a36651178baf95b9bdf5a,0.34320388349514563,56000,337,301073000,/nfs3_ib/nfs-ip34/home/def-ilafores/analysis/MethodsComparison/PD/preproc/SRR19064633/SRR19064633_unmatched_2.fastq,SRR19064633,81d9c50c0a575836c40b0a98b987e901,545746000,31,DNA,1000,545746,true,0.806960995585608,0.9660905026084046,0.8865257490970062,0.9660905026084046,2688,2797361,4067213
169000,0.00030966786746948217,0.023255813953488372,0.00010261183774136686,0.00010842805626358885,7.875,5.0,8.87625745619016,signatures/c46c77851e922f3f503417aa4efad159.sig.gz,"GCF_900199515.1 Massilicoli timonensis strain=Marseille-P3755, PRJEB21311",c46c77851e922f3f503417aa4efad159,0.0701827242524917,56000,338,301017000,/nfs3_ib/nfs-ip34/home/def-ilafores/analysis/MethodsComparison/PD/preproc/SRR19064633/SRR19064633_unmatched_2.fastq,SRR19064633,81d9c50c0a575836c40b0a98b987e901,545746000,31,DNA,1000,545746,true,0.7705540393163168,0.917870939685749,0.8442124895010329,0.917870939685749,441,2797802,4067213
287000,0.0005258856684245052,0.01843781428092524,0.0001007794834959853,0.00001966948866459662,1.4545454545454546,1.0,0.7820295697311476,signatures/b8fe439206f0708f15356748b7021bc7.sig.gz,"GCF_001553935.1 Actinomyces oris strain=T14V, ASM155393v1",b8fe439206f0708f15356748b7021bc7,0.09621186724773717,55000,339,300962000,/nfs3_ib/nfs-ip34/home/def-ilafores/analysis/MethodsComparison/PD/preproc/SRR19064633/SRR19064633_unmatched_2.fastq,SRR19064633,81d9c50c0a575836c40b0a98b987e901,545746000,31,DNA,1000,545746,true,0.7838307574325812,0.9272587153603341,0.8555447363964577,0.9272587153603341,80,2797882,4067213
320000,0.0005863533585220964,0.01546681664791901,0.0001007794834959853,0.00005237001356948849,3.8727272727272726,3.0,3.4486073365901593,signatures/4c5b9c5fc61302d55e1ab631a887b803.sig.gz,"GCA_018374635.1 Clostridiales bacterium, ASM1837463v1",4c5b9c5fc61302d55e1ab631a887b803,0.08998875140607424,55000,340,300907000,/nfs3_ib/nfs-ip34/home/def-ilafores/analysis/MethodsComparison/PD/preproc/SRR19064633/SRR19064633_unmatched_2.fastq,SRR19064633,81d9c50c0a575836c40b0a98b987e901,545746000,31,DNA,1000,545746,true,0.7865875677403346,0.925260743061084,0.8559241554007093,0.925260743061084,213,2798095,4067213
264000,0.0004837415207807295,0.022079486150140507,0.0001007794834959853,0.00002876662717197255,2.1272727272727274,2.0,1.4277069403200422,signatures/b3810b56786cbf0bba3daaee17ef7b9a.sig.gz,"GCA_900539195.1 uncultured Ruminococcaceae bacterium, UMGS108",b3810b56786cbf0bba3daaee17ef7b9a,0.10598153352067442,55000,341,300852000,/nfs3_ib/nfs-ip34/home/def-ilafores/analysis/MethodsComparison/PD/preproc/SRR19064633/SRR19064633_unmatched_2.fastq,SRR19064633,81d9c50c0a575836c40b0a98b987e901,545746000,31,DNA,1000,545746,true,0.781721477239173,0.9301560450628877,0.8559387611510303,0.9301560450628877,117,2798212,4067213
573000,0.0010499389826036287,0.01576182136602452,0.00009894712925060376,0.0004201894515974452,31.64814814814815,32.5,14.237609827765397,signatures/906bdc24ee9fe544de890358285baa26.sig.gz,"GCA_021204515.1 Alistipes sp., ASM2120451v1",906bdc24ee9fe544de890358285baa26,0.1672504378283713,54000,342,300798000,/nfs3_ib/nfs-ip34/home/def-ilafores/analysis/MethodsComparison/PD/preproc/SRR19064633/SRR19064633_unmatched_2.fastq,SRR19064633,81d9c50c0a575836c40b0a98b987e901,545746000,31,DNA,1000,545746,true,0.8015092117855414,0.9439463925468042,0.8727278021661729,0.9439463925468042,1709,2799921,4067213
201000,0.0003683032033216918,0.015490020851951147,0.00009528242075984065,0.000023357517789208482,1.8269230769230769,1.0,1.3547800537662347,signatures/b6adbc3aade8dd2a390781de8c28d1a4.sig.gz,"GCA_900169505.1 Arabia massiliensis strain=Marseille-P3078, PRJEB19971",b6adbc3aade8dd2a390781de8c28d1a4,0.05987488829311886,52000,343,300746000,/nfs3_ib/nfs-ip34/home/def-ilafores/analysis/MethodsComparison/PD/preproc/SRR19064633/SRR19064633_unmatched_2.fastq,SRR19064633,81d9c50c0a575836c40b0a98b987e901,545746000,31,DNA,1000,545746,true,0.7748764023950068,0.9131797685785962,0.8440280854868014,0.9131797685785962,95,2800016,4067213
643000,0.0011782037797803374,0.009927453226422299,0.00009528242075984065,0.0002601289875892903,20.346153846153847,10.5,22.82532720751616,signatures/353190f92d01efc1dc08673995d84562.sig.gz,"GCF_000614185.1 Bacteroides sartorii JCM 17136 = DSM 21941 strain=JCM 17136, ASM61418v1",353190f92d01efc1dc08673995d84562,0.12275677739595266,52000,344,300694000,/nfs3_ib/nfs-ip34/home/def-ilafores/analysis/MethodsComparison/PD/preproc/SRR19064633/SRR19064633_unmatched_2.fastq,SRR19064633,81d9c50c0a575836c40b0a98b987e901,545746000,31,DNA,1000,545746,true,0.8044947958946428,0.934575453787763,0.8695351248412029,0.934575453787763,1058,2801074,4067213
121000,0.00022171486369116768,0.02109181141439206,0.00009345006651445911,0.00005261588217779595,4.196078431372549,2.0,15.860939328614977,signatures/c398c9fe2d84595804e196dfebba1c99.sig.gz,"GCA_018711655.1 Candidatus Pullichristensenella avicola, ASM1871165v1",c398c9fe2d84595804e196dfebba1c99,0.0500413564929694,51000,345,300643000,/nfs3_ib/nfs-ip34/home/def-ilafores/analysis/MethodsComparison/PD/preproc/SRR19064633/SRR19064633_unmatched_2.fastq,SRR19064633,81d9c50c0a575836c40b0a98b987e901,545746000,31,DNA,1000,545746,true,0.7622938450720205,0.9079101542200555,0.835101999646038,0.9079101542200555,214,2801288,4067213
244000,0.00044709443587309845,0.014500995166334945,0.00009345006651445911,0.00021661024391887024,17.274509803921568,4.0,31.266770202202775,signatures/44dff9b2060fbafad932c56ce3c35648.sig.gz,"GCA_902363515.1 Firmicutes bacterium, MGYG-HGUT-00119",44dff9b2060fbafad932c56ce3c35648,0.06937731020756327,51000,346,300592000,/nfs3_ib/nfs-ip34/home/def-ilafores/analysis/MethodsComparison/PD/preproc/SRR19064633/SRR19064633_unmatched_2.fastq,SRR19064633,81d9c50c0a575836c40b0a98b987e901,545746000,31,DNA,1000,545746,true,0.7797373960365341,0.9175292498771456,0.8486333229568399,0.9175292498771456,881,2802169,4067213
482000,0.0008831947462739076,0.0127309036445332,0.00009345006651445911,0.00037421202184395065,29.84313725490196,24.0,33.125650596064276,signatures/c532176133783534b31d7cd88ebb4193.sig.gz,"GCA_900760455.1 uncultured Paraprevotella sp., SRS016095_8",c532176133783534b31d7cd88ebb4193,0.12031952071892162,51000,347,300541000,/nfs3_ib/nfs-ip34/home/def-ilafores/analysis/MethodsComparison/PD/preproc/SRR19064633/SRR19064633_unmatched_2.fastq,SRR19064633,81d9c50c0a575836c40b0a98b987e901,545746000,31,DNA,1000,545746,true,0.7970502325073726,0.9339710663687871,0.8655106494380799,0.9339710663687871,1522,2803691,4067213
666000,0.001220347927424113,0.021901007446342532,0.00009161771226907755,0.0004664127499592473,37.94,40.0,17.675304806424133,signatures/9930bdffd184168f35a744ddb4d51aab.sig.gz,"GCF_019131995.1 Collinsella aerofaciens strain=MSK.1.11, ASM1913199v1",9930bdffd184168f35a744ddb4d51aab,0.29172141918528255,50000,348,300491000,/nfs3_ib/nfs-ip34/home/def-ilafores/analysis/MethodsComparison/PD/preproc/SRR19064633/SRR19064633_unmatched_2.fastq,SRR19064633,81d9c50c0a575836c40b0a98b987e901,545746000,31,DNA,1000,545746,true,0.8054073752381432,0.961038781608215,0.8832230784231792,0.961038781608215,1897,2805588,4067213
283000,0.000518556251442979,0.013192612137203167,0.00009161771226907755,0.000050157196094721374,4.08,1.5,12.06621730286671,signatures/c9a0061349d9819245d2d27bd33b6fa3.sig.gz,"GCF_013282095.1 Clostridium sp. C5-48 strain=C5-48, ASM1328209v1",c9a0061349d9819245d2d27bd33b6fa3,0.07467018469656993,50000,349,300441000,/nfs3_ib/nfs-ip34/home/def-ilafores/analysis/MethodsComparison/PD/preproc/SRR19064633/SRR19064633_unmatched_2.fastq,SRR19064633,81d9c50c0a575836c40b0a98b987e901,545746000,31,DNA,1000,545746,true,0.7834759566593158,0.9197078863380368,0.8515919214986762,0.9197078863380368,204,2805792,4067213
196000,0.000359141432094784,0.023980815347721823,0.00009161771226907755,0.000020652963097826446,1.68,1.0,0.881816307401944,signatures/e219bc1453db3539e254fdd8b53c7771.sig.gz,"GCF_000212375.1 Porphyromonas asaccharolytica DSM 20707 strain=DSM 20707, ASM21237v1",e219bc1453db3539e254fdd8b53c7771,0.09400479616306955,50000,350,300391000,/nfs3_ib/nfs-ip34/home/def-ilafores/analysis/MethodsComparison/PD/preproc/SRR19064633/SRR19064633_unmatched_2.fastq,SRR19064633,81d9c50c0a575836c40b0a98b987e901,545746000,31,DNA,1000,545746,true,0.7742470023646066,0.926564820086513,0.8504059112255598,0.926564820086513,84,2805876,4067213
62000,0.00011360596321365617,0.015913430935709738,0.00009161771226907755,0.000014752116498447462,1.2,1.0,0.4898979485566356,signatures/9e9275f684b530b9641705e654b7ec36.sig.gz,"GCF_000981035.1 Catabacter hongkongensis strain=HKU16, ASM98103v1",9e9275f684b530b9641705e654b7ec36,0.019732654360280075,50000,351,300341000,/nfs3_ib/nfs-ip34/home/def-ilafores/analysis/MethodsComparison/PD/preproc/SRR19064633/SRR19064633_unmatched_2.fastq,SRR19064633,81d9c50c0a575836c40b0a98b987e901,545746000,31,DNA,1000,545746,true,0.7460275659830315,0.8810610130863669,0.8135442895346991,0.8810610130863669,60,2805936,4067213
620000,0.0011360596321365617,0.010557432432432432,0.00009161771226907755,0.00009515115141498614,7.74,6.0,6.443011718133064,signatures/02081adae2cbefe2ee8ca3ea6ec78648.sig.gz,"GCA_025151045.1 Parabacteroides johnsonii DSM 18315 strain=DSM 18315, ASM2515104v1",02081adae2cbefe2ee8ca3ea6ec78648,0.13091216216216217,50000,352,300291000,/nfs3_ib/nfs-ip34/home/def-ilafores/analysis/MethodsComparison/PD/preproc/SRR19064633/SRR19064633_unmatched_2.fastq,SRR19064633,81d9c50c0a575836c40b0a98b987e901,545746000,31,DNA,1000,545746,true,0.8035500632631276,0.9365166085673376,0.8700333359152326,0.9365166085673376,387,2806323,4067213
90000,0.0001649118820843396,0.017164435290078956,0.00009161771226907755,0.000035650948204581366,2.9,1.0,6.57038811639008,signatures/b8011d6693ecbfc3bb51835356eba350.sig.gz,"GCF_900120155.1 Clostridium sp. Marseille-P3244 strain=Marseille-P3244, PRJEB18023",b8011d6693ecbfc3bb51835356eba350,0.030895983522142123,50000,353,300241000,/nfs3_ib/nfs-ip34/home/def-ilafores/analysis/MethodsComparison/PD/preproc/SRR19064633/SRR19064633_unmatched_2.fastq,SRR19064633,81d9c50c0a575836c40b0a98b987e901,545746000,31,DNA,1000,545746,true,0.7550502736418291,0.8938963461741777,0.8244733099080034,0.8938963461741777,145,2806468,4067213
